11,9,7,6,5,8,12,10,3,4,2,1
7,6,11,5,1,9,8,2,10,12,4,3
5,1,2,10,3,12,4,7,8,11,9,6
2,4,12,3,7,11,6,5,1,9,8,10
10,12,9,8,6,4,1,3,5,2,11,7
3,8,4,1,10,2,9,11,6,7,12,5
11,9,7,6,5,8,12,10,3,4,2,1
7,6,11,5,1,9,8,2,10,12,4,3
5,1,2,10,3,12,4,7,8,11,9,6
2,4,12,3,7,11,6,5,1,9,8,10
10,12,9,8,6,4,1,3,5,2,11,7
3,8,4,1,10,2,9,11,6,7,12,5
11,9,7,6,5,8,12,10,3,4,2,1
7,6,11,5,1,9,8,2,10,12,4,3
5,1,2,10,3,12,4,7,8,11,9,6
2,4,12,3,7,11,6,5,1,9,8,10
10,12,9,8,6,4,1,3,5,2,11,7
3,8,4,1,10,2,9,11,6,7,12,5
11,9,7,6,5,8,12,10,3,4,2,1
7,6,11,5,1,9,8,2,10,12,4,3
5,1,2,10,3,12,4,7,8,11,9,6
2,4,12,3,7,11,6,5,1,9,8,10
10,12,9,8,6,4,1,3,5,2,11,7
3,8,4,1,10,2,9,11,6,7,12,5
11,9,7,6,5,8,12,10,3,4,2,1
7,6,11,5,1,9,8,2,10,12,4,3
5,1,2,10,3,12,4,7,8,11,9,6
2,4,12,3,7,11,6,5,1,9,8,10
10,12,9,8,6,4,1,3,5,2,11,7
3,8,4,1,10,2,9,11,6,7,12,5
11,9,7,6,5,8,12,10,3,4,2,1
7,6,11,5,1,9,8,2,10,12,4,3
5,1,2,10,3,12,4,7,8,11,9,6
2,4,12,3,7,11,6,5,1,9,8,10
10,12,9,8,6,4,1,3,5,2,11,7
3,8,4,1,10,2,9,11,6,7,12,5
11,9,7,6,5,8,12,10,3,4,2,1
7,6,11,5,1,9,8,2,10,12,4,3
5,1,2,10,3,12,4,7,8,11,9,6
2,4,12,3,7,11,6,5,1,9,8,10
10,12,9,8,6,4,1,3,5,2,11,7
3,8,4,1,10,2,9,11,6,7,12,5
11,9,7,6,5,8,12,10,3,4,2,1
7,6,11,5,1,9,8,2,10,12,4,3
5,1,2,10,3,12,4,7,8,11,9,6
2,4,12,3,7,11,6,5,1,9,8,10
10,12,9,8,6,4,1,3,5,2,11,7
3,8,4,1,10,2,9,11,6,7,12,5
11,9,7,6,5,8,12,10,3,4,2,1
7,6,11,5,1,9,8,2,10,12,4,3
5,1,2,10,3,12,4,7,8,11,9,6
2,4,12,3,7,11,6,5,1,9,8,10
10,12,9,8,6,4,1,3,5,2,11,7
3,8,4,1,10,2,9,11,6,7,12,5
11,9,7,6,5,8,12,10,3,4,2,1
7,6,11,5,1,9,8,2,10,12,4,3
5,1,2,10,3,12,4,7,8,11,9,6
2,4,12,3,7,11,6,5,1,9,8,10
10,12,9,8,6,4,1,3,5,2,11,7
3,8,4,1,10,2,9,11,6,7,12,5
11,9,7,6,5,8,12,10,3,4,2,1
7,6,11,5,1,9,8,2,10,12,4,3
5,1,2,10,3,12,4,7,8,11,9,6
2,4,12,3,7,11,6,5,1,9,8,10
10,12,9,8,6,4,1,3,5,2,11,7
3,8,4,1,10,2,9,11,6,7,12,5
11,9,7,6,5,8,12,10,3,4,2,1
7,6,11,5,1,9,8,2,10,12,4,3
5,1,2,10,3,12,4,7,8,11,9,6
2,4,12,3,7,11,6,5,1,9,8,10
10,12,9,8,6,4,1,3,5,2,11,7
3,8,4,1,10,2,9,11,6,7,12,5
11,9,7,6,5,8,12,10,3,4,2,1
7,6,11,5,1,9,8,2,10,12,4,3
5,1,2,10,3,12,4,7,8,11,9,6
2,4,12,3,7,11,6,5,1,9,8,10
10,12,9,8,6,4,1,3,5,2,11,7
3,8,4,1,10,2,9,11,6,7,12,5
11,9,7,6,5,8,12,10,3,4,2,1
7,6,11,5,1,9,8,2,10,12,4,3
5,1,2,10,3,12,4,7,8,11,9,6
2,4,12,3,7,11,6,5,1,9,8,10
10,12,9,8,6,4,1,3,5,2,11,7
3,8,4,1,10,2,9,11,6,7,12,5
11,9,7,6,5,8,12,10,3,4,2,1
7,6,11,5,1,9,8,2,10,12,4,3
5,1,2,10,3,12,4,7,8,11,9,6
2,4,12,3,7,11,6,5,1,9,8,10
10,12,9,8,6,4,1,3,5,2,11,7
3,8,4,1,10,2,9,11,6,7,12,5
11,9,7,6,5,8,12,10,3,4,2,1
7,6,11,5,1,9,8,2,10,12,4,3
5,1,2,10,3,12,4,7,8,11,9,6
2,4,12,3,7,11,6,5,1,9,8,10
10,12,9,8,6,4,1,3,5,2,11,7
3,8,4,1,10,2,9,11,6,7,12,5
11,9,7,6,5,8,12,10,3,4,2,1
7,6,11,5,1,9,8,2,10,12,4,3
5,1,2,10,3,12,4,7,8,11,9,6
2,4,12,3,7,11,6,5,1,9,8,10
10,12,9,8,6,4,1,3,5,2,11,7
3,8,4,1,10,2,9,11,6,7,12,5
11,9,7,6,5,8,12,10,3,4,2,1
7,6,11,5,1,9,8,2,10,12,4,3
5,1,2,10,3,12,4,7,8,11,9,6
2,4,12,3,7,11,6,5,1,9,8,10
10,12,9,8,6,4,1,3,5,2,11,7
3,8,4,1,10,2,9,11,6,7,12,5
11,9,7,6,5,8,12,10,3,4,2,1
7,6,11,5,1,9,8,2,10,12,4,3
5,1,2,10,3,12,4,7,8,11,9,6
2,4,12,3,7,11,6,5,1,9,8,10
10,12,9,8,6,4,1,3,5,2,11,7
3,8,4,1,10,2,9,11,6,7,12,5
11,9,7,6,5,8,12,10,3,4,2,1
7,6,11,5,1,9,8,2,10,12,4,3
5,1,2,10,3,12,4,7,8,11,9,6
2,4,12,3,7,11,6,5,1,9,8,10
10,12,9,8,6,4,1,3,5,2,11,7
3,8,4,1,10,2,9,11,6,7,12,5
11,9,7,6,5,8,12,10,3,4,2,1
7,6,11,5,1,9,8,2,10,12,4,3
5,1,2,10,3,12,4,7,8,11,9,6
2,4,12,3,7,11,6,5,1,9,8,10
10,12,9,8,6,4,1,3,5,2,11,7
3,8,4,1,10,2,9,11,6,7,12,5
11,9,7,6,5,8,12,10,3,4,2,1
7,6,11,5,1,9,8,2,10,12,4,3
5,1,2,10,3,12,4,7,8,11,9,6
2,4,12,3,7,11,6,5,1,9,8,10
10,12,9,8,6,4,1,3,5,2,11,7
3,8,4,1,10,2,9,11,6,7,12,5
11,9,7,6,5,8,12,10,3,4,2,1
7,6,11,5,1,9,8,2,10,12,4,3
5,1,2,10,3,12,4,7,8,11,9,6
2,4,12,3,7,11,6,5,1,9,8,10
10,12,9,8,6,4,1,3,5,2,11,7
3,8,4,1,10,2,9,11,6,7,12,5
11,9,7,6,5,8,12,10,3,4,2,1
7,6,11,5,1,9,8,2,10,12,4,3
5,1,2,10,3,12,4,7,8,11,9,6
2,4,12,3,7,11,6,5,1,9,8,10
10,12,9,8,6,4,1,3,5,2,11,7
3,8,4,1,10,2,9,11,6,7,12,5
11,9,7,6,5,8,12,10,3,4,2,1
7,6,11,5,1,9,8,2,10,12,4,3
5,1,2,10,3,12,4,7,8,11,9,6
2,4,12,3,7,11,6,5,1,9,8,10
10,12,9,8,6,4,1,3,5,2,11,7
3,8,4,1,10,2,9,11,6,7,12,5
11,9,7,6,5,8,12,10,3,4,2,1
7,6,11,5,1,9,8,2,10,12,4,3
5,1,2,10,3,12,4,7,8,11,9,6
2,4,12,3,7,11,6,5,1,9,8,10
10,12,9,8,6,4,1,3,5,2,11,7
3,8,4,1,10,2,9,11,6,7,12,5
11,9,7,6,5,8,12,10,3,4,2,1
7,6,11,5,1,9,8,2,10,12,4,3
5,1,2,10,3,12,4,7,8,11,9,6
2,4,12,3,7,11,6,5,1,9,8,10
10,12,9,8,6,4,1,3,5,2,11,7
3,8,4,1,10,2,9,11,6,7,12,5
11,9,7,6,5,8,12,10,3,4,2,1
7,6,11,5,1,9,8,2,10,12,4,3
5,1,2,10,3,12,4,7,8,11,9,6
2,4,12,3,7,11,6,5,1,9,8,10
10,12,9,8,6,4,1,3,5,2,11,7
3,8,4,1,10,2,9,11,6,7,12,5
11,9,7,6,5,8,12,10,3,4,2,1
7,6,11,5,1,9,8,2,10,12,4,3
5,1,2,10,3,12,4,7,8,11,9,6
2,4,12,3,7,11,6,5,1,9,8,10
10,12,9,8,6,4,1,3,5,2,11,7
3,8,4,1,10,2,9,11,6,7,12,5
11,9,7,6,5,8,12,10,3,4,2,1
7,6,11,5,1,9,8,2,10,12,4,3
5,1,2,10,3,12,4,7,8,11,9,6
2,4,12,3,7,11,6,5,1,9,8,10
10,12,9,8,6,4,1,3,5,2,11,7
3,8,4,1,10,2,9,11,6,7,12,5
11,9,7,6,5,8,12,10,3,4,2,1
7,6,11,5,1,9,8,2,10,12,4,3
5,1,2,10,3,12,4,7,8,11,9,6
2,4,12,3,7,11,6,5,1,9,8,10
10,12,9,8,6,4,1,3,5,2,11,7
3,8,4,1,10,2,9,11,6,7,12,5
11,9,7,6,5,8,12,10,3,4,2,1
7,6,11,5,1,9,8,2,10,12,4,3
5,1,2,10,3,12,4,7,8,11,9,6
2,4,12,3,7,11,6,5,1,9,8,10
10,12,9,8,6,4,1,3,5,2,11,7
3,8,4,1,10,2,9,11,6,7,12,5
11,9,7,6,5,8,12,10,3,4,2,1
7,6,11,5,1,9,8,2,10,12,4,3
5,1,2,10,3,12,4,7,8,11,9,6
2,4,12,3,7,11,6,5,1,9,8,10
10,12,9,8,6,4,1,3,5,2,11,7
3,8,4,1,10,2,9,11,6,7,12,5
11,9,7,6,5,8,12,10,3,4,2,1
7,6,11,5,1,9,8,2,10,12,4,3
5,1,2,10,3,12,4,7,8,11,9,6
2,4,12,3,7,11,6,5,1,9,8,10
10,12,9,8,6,4,1,3,5,2,11,7
3,8,4,1,10,2,9,11,6,7,12,5
11,9,7,6,5,8,12,10,3,4,2,1
7,6,11,5,1,9,8,2,10,12,4,3
5,1,2,10,3,12,4,7,8,11,9,6
2,4,12,3,7,11,6,5,1,9,8,10
10,12,9,8,6,4,1,3,5,2,11,7
3,8,4,1,10,2,9,11,6,7,12,5
11,9,7,6,5,8,12,10,3,4,2,1
7,6,11,5,1,9,8,2,10,12,4,3
5,1,2,10,3,12,4,7,8,11,9,6
2,4,12,3,7,11,6,5,1,9,8,10
10,12,9,8,6,4,1,3,5,2,11,7
3,8,4,1,10,2,9,11,6,7,12,5
11,9,7,6,5,8,12,10,3,4,2,1
7,6,11,5,1,9,8,2,10,12,4,3
5,1,2,10,3,12,4,7,8,11,9,6
2,4,12,3,7,11,6,5,1,9,8,10
10,12,9,8,6,4,1,3,5,2,11,7
3,8,4,1,10,2,9,11,6,7,12,5
11,9,7,6,5,8,12,10,3,4,2,1
7,6,11,5,1,9,8,2,10,12,4,3
5,1,2,10,3,12,4,7,8,11,9,6
2,4,12,3,7,11,6,5,1,9,8,10
10,12,9,8,6,4,1,3,5,2,11,7
3,8,4,1,10,2,9,11,6,7,12,5
11,9,7,6,5,8,12,10,3,4,2,1
7,6,11,5,1,9,8,2,10,12,4,3
5,1,2,10,3,12,4,7,8,11,9,6
2,4,12,3,7,11,6,5,1,9,8,10
10,12,9,8,6,4,1,3,5,2,11,7
3,8,4,1,10,2,9,11,6,7,12,5
11,9,7,6,5,8,12,10,3,4,2,1
7,6,11,5,1,9,8,2,10,12,4,3
5,1,2,10,3,12,4,7,8,11,9,6
2,4,12,3,7,11,6,5,1,9,8,10
10,12,9,8,6,4,1,3,5,2,11,7
3,8,4,1,10,2,9,11,6,7,12,5
11,9,7,6,5,8,12,10,3,4,2,1
7,6,11,5,1,9,8,2,10,12,4,3
5,1,2,10,3,12,4,7,8,11,9,6
2,4,12,3,7,11,6,5,1,9,8,10
10,12,9,8,6,4,1,3,5,2,11,7
3,8,4,1,10,2,9,11,6,7,12,5
11,9,7,6,5,8,12,10,3,4,2,1
7,6,11,5,1,9,8,2,10,12,4,3
5,1,2,10,3,12,4,7,8,11,9,6
2,4,12,3,7,11,6,5,1,9,8,10
10,12,9,8,6,4,1,3,5,2,11,7
3,8,4,1,10,2,9,11,6,7,12,5
11,9,7,6,5,8,12,10,3,4,2,1
7,6,11,5,1,9,8,2,10,12,4,3
5,1,2,10,3,12,4,7,8,11,9,6
2,4,12,3,7,11,6,5,1,9,8,10
10,12,9,8,6,4,1,3,5,2,11,7
3,8,4,1,10,2,9,11,6,7,12,5
11,9,7,6,5,8,12,10,3,4,2,1
7,6,11,5,1,9,8,2,10,12,4,3
5,1,2,10,3,12,4,7,8,11,9,6
2,4,12,3,7,11,6,5,1,9,8,10
10,12,9,8,6,4,1,3,5,2,11,7
3,8,4,1,10,2,9,11,6,7,12,5
11,9,7,6,5,8,12,10,3,4,2,1
7,6,11,5,1,9,8,2,10,12,4,3
5,1,2,10,3,12,4,7,8,11,9,6
2,4,12,3,7,11,6,5,1,9,8,10
10,12,9,8,6,4,1,3,5,2,11,7
3,8,4,1,10,2,9,11,6,7,12,5
11,9,7,6,5,8,12,10,3,4,2,1
7,6,11,5,1,9,8,2,10,12,4,3
5,1,2,10,3,12,4,7,8,11,9,6
2,4,12,3,7,11,6,5,1,9,8,10
10,12,9,8,6,4,1,3,5,2,11,7
3,8,4,1,10,2,9,11,6,7,12,5
11,9,7,6,5,8,12,10,3,4,2,1
7,6,11,5,1,9,8,2,10,12,4,3
5,1,2,10,3,12,4,7,8,11,9,6
2,4,12,3,7,11,6,5,1,9,8,10
10,12,9,8,6,4,1,3,5,2,11,7
3,8,4,1,10,2,9,11,6,7,12,5
11,9,7,6,5,8,12,10,3,4,2,1
7,6,11,5,1,9,8,2,10,12,4,3
5,1,2,10,3,12,4,7,8,11,9,6
2,4,12,3,7,11,6,5,1,9,8,10
10,12,9,8,6,4,1,3,5,2,11,7
3,8,4,1,10,2,9,11,6,7,12,5
11,9,7,6,5,8,12,10,3,4,2,1
7,6,11,5,1,9,8,2,10,12,4,3
5,1,2,10,3,12,4,7,8,11,9,6
2,4,12,3,7,11,6,5,1,9,8,10
10,12,9,8,6,4,1,3,5,2,11,7
3,8,4,1,10,2,9,11,6,7,12,5
