8,1,14,9,12,7,10,6,13,4,2,3,5,11
13,4,8,7,2,1,14,11,10,9,5,6,12,3
10,9,13,1,5,11,12,3,8,6,14,4,2,7
2,7,10,6,8,3,5,4,14,11,12,9,13,1
5,11,2,4,10,9,8,1,12,3,13,7,14,6
14,3,12,11,13,6,2,9,5,7,8,1,10,4
12,6,5,3,14,4,13,7,2,1,10,11,8,9
8,1,14,9,12,7,10,6,13,4,2,3,5,11
13,4,8,7,2,1,14,11,10,9,5,6,12,3
10,9,13,1,5,11,12,3,8,6,14,4,2,7
2,7,10,6,8,3,5,4,14,11,12,9,13,1
5,11,2,4,10,9,8,1,12,3,13,7,14,6
14,3,12,11,13,6,2,9,5,7,8,1,10,4
12,6,5,3,14,4,13,7,2,1,10,11,8,9
8,1,14,9,12,7,10,6,13,4,2,3,5,11
13,4,8,7,2,1,14,11,10,9,5,6,12,3
10,9,13,1,5,11,12,3,8,6,14,4,2,7
2,7,10,6,8,3,5,4,14,11,12,9,13,1
5,11,2,4,10,9,8,1,12,3,13,7,14,6
14,3,12,11,13,6,2,9,5,7,8,1,10,4
12,6,5,3,14,4,13,7,2,1,10,11,8,9
8,1,14,9,12,7,10,6,13,4,2,3,5,11
13,4,8,7,2,1,14,11,10,9,5,6,12,3
10,9,13,1,5,11,12,3,8,6,14,4,2,7
2,7,10,6,8,3,5,4,14,11,12,9,13,1
5,11,2,4,10,9,8,1,12,3,13,7,14,6
14,3,12,11,13,6,2,9,5,7,8,1,10,4
12,6,5,3,14,4,13,7,2,1,10,11,8,9
8,1,14,9,12,7,10,6,13,4,2,3,5,11
13,4,8,7,2,1,14,11,10,9,5,6,12,3
10,9,13,1,5,11,12,3,8,6,14,4,2,7
2,7,10,6,8,3,5,4,14,11,12,9,13,1
5,11,2,4,10,9,8,1,12,3,13,7,14,6
14,3,12,11,13,6,2,9,5,7,8,1,10,4
12,6,5,3,14,4,13,7,2,1,10,11,8,9
8,1,14,9,12,7,10,6,13,4,2,3,5,11
13,4,8,7,2,1,14,11,10,9,5,6,12,3
10,9,13,1,5,11,12,3,8,6,14,4,2,7
2,7,10,6,8,3,5,4,14,11,12,9,13,1
5,11,2,4,10,9,8,1,12,3,13,7,14,6
14,3,12,11,13,6,2,9,5,7,8,1,10,4
12,6,5,3,14,4,13,7,2,1,10,11,8,9
8,1,14,9,12,7,10,6,13,4,2,3,5,11
13,4,8,7,2,1,14,11,10,9,5,6,12,3
10,9,13,1,5,11,12,3,8,6,14,4,2,7
2,7,10,6,8,3,5,4,14,11,12,9,13,1
5,11,2,4,10,9,8,1,12,3,13,7,14,6
14,3,12,11,13,6,2,9,5,7,8,1,10,4
12,6,5,3,14,4,13,7,2,1,10,11,8,9
8,1,14,9,12,7,10,6,13,4,2,3,5,11
13,4,8,7,2,1,14,11,10,9,5,6,12,3
10,9,13,1,5,11,12,3,8,6,14,4,2,7
2,7,10,6,8,3,5,4,14,11,12,9,13,1
5,11,2,4,10,9,8,1,12,3,13,7,14,6
14,3,12,11,13,6,2,9,5,7,8,1,10,4
12,6,5,3,14,4,13,7,2,1,10,11,8,9
8,1,14,9,12,7,10,6,13,4,2,3,5,11
13,4,8,7,2,1,14,11,10,9,5,6,12,3
10,9,13,1,5,11,12,3,8,6,14,4,2,7
2,7,10,6,8,3,5,4,14,11,12,9,13,1
5,11,2,4,10,9,8,1,12,3,13,7,14,6
14,3,12,11,13,6,2,9,5,7,8,1,10,4
12,6,5,3,14,4,13,7,2,1,10,11,8,9
8,1,14,9,12,7,10,6,13,4,2,3,5,11
13,4,8,7,2,1,14,11,10,9,5,6,12,3
10,9,13,1,5,11,12,3,8,6,14,4,2,7
2,7,10,6,8,3,5,4,14,11,12,9,13,1
5,11,2,4,10,9,8,1,12,3,13,7,14,6
14,3,12,11,13,6,2,9,5,7,8,1,10,4
12,6,5,3,14,4,13,7,2,1,10,11,8,9
8,1,14,9,12,7,10,6,13,4,2,3,5,11
13,4,8,7,2,1,14,11,10,9,5,6,12,3
10,9,13,1,5,11,12,3,8,6,14,4,2,7
2,7,10,6,8,3,5,4,14,11,12,9,13,1
5,11,2,4,10,9,8,1,12,3,13,7,14,6
14,3,12,11,13,6,2,9,5,7,8,1,10,4
12,6,5,3,14,4,13,7,2,1,10,11,8,9
8,1,14,9,12,7,10,6,13,4,2,3,5,11
13,4,8,7,2,1,14,11,10,9,5,6,12,3
10,9,13,1,5,11,12,3,8,6,14,4,2,7
2,7,10,6,8,3,5,4,14,11,12,9,13,1
5,11,2,4,10,9,8,1,12,3,13,7,14,6
14,3,12,11,13,6,2,9,5,7,8,1,10,4
12,6,5,3,14,4,13,7,2,1,10,11,8,9
8,1,14,9,12,7,10,6,13,4,2,3,5,11
13,4,8,7,2,1,14,11,10,9,5,6,12,3
10,9,13,1,5,11,12,3,8,6,14,4,2,7
2,7,10,6,8,3,5,4,14,11,12,9,13,1
5,11,2,4,10,9,8,1,12,3,13,7,14,6
14,3,12,11,13,6,2,9,5,7,8,1,10,4
12,6,5,3,14,4,13,7,2,1,10,11,8,9
8,1,14,9,12,7,10,6,13,4,2,3,5,11
13,4,8,7,2,1,14,11,10,9,5,6,12,3
10,9,13,1,5,11,12,3,8,6,14,4,2,7
2,7,10,6,8,3,5,4,14,11,12,9,13,1
5,11,2,4,10,9,8,1,12,3,13,7,14,6
14,3,12,11,13,6,2,9,5,7,8,1,10,4
12,6,5,3,14,4,13,7,2,1,10,11,8,9
8,1,14,9,12,7,10,6,13,4,2,3,5,11
13,4,8,7,2,1,14,11,10,9,5,6,12,3
10,9,13,1,5,11,12,3,8,6,14,4,2,7
2,7,10,6,8,3,5,4,14,11,12,9,13,1
5,11,2,4,10,9,8,1,12,3,13,7,14,6
14,3,12,11,13,6,2,9,5,7,8,1,10,4
12,6,5,3,14,4,13,7,2,1,10,11,8,9
8,1,14,9,12,7,10,6,13,4,2,3,5,11
13,4,8,7,2,1,14,11,10,9,5,6,12,3
10,9,13,1,5,11,12,3,8,6,14,4,2,7
2,7,10,6,8,3,5,4,14,11,12,9,13,1
5,11,2,4,10,9,8,1,12,3,13,7,14,6
14,3,12,11,13,6,2,9,5,7,8,1,10,4
12,6,5,3,14,4,13,7,2,1,10,11,8,9
8,1,14,9,12,7,10,6,13,4,2,3,5,11
13,4,8,7,2,1,14,11,10,9,5,6,12,3
10,9,13,1,5,11,12,3,8,6,14,4,2,7
2,7,10,6,8,3,5,4,14,11,12,9,13,1
5,11,2,4,10,9,8,1,12,3,13,7,14,6
14,3,12,11,13,6,2,9,5,7,8,1,10,4
12,6,5,3,14,4,13,7,2,1,10,11,8,9
8,1,14,9,12,7,10,6,13,4,2,3,5,11
13,4,8,7,2,1,14,11,10,9,5,6,12,3
10,9,13,1,5,11,12,3,8,6,14,4,2,7
2,7,10,6,8,3,5,4,14,11,12,9,13,1
5,11,2,4,10,9,8,1,12,3,13,7,14,6
14,3,12,11,13,6,2,9,5,7,8,1,10,4
12,6,5,3,14,4,13,7,2,1,10,11,8,9
8,1,14,9,12,7,10,6,13,4,2,3,5,11
13,4,8,7,2,1,14,11,10,9,5,6,12,3
10,9,13,1,5,11,12,3,8,6,14,4,2,7
2,7,10,6,8,3,5,4,14,11,12,9,13,1
5,11,2,4,10,9,8,1,12,3,13,7,14,6
14,3,12,11,13,6,2,9,5,7,8,1,10,4
12,6,5,3,14,4,13,7,2,1,10,11,8,9
8,1,14,9,12,7,10,6,13,4,2,3,5,11
13,4,8,7,2,1,14,11,10,9,5,6,12,3
10,9,13,1,5,11,12,3,8,6,14,4,2,7
2,7,10,6,8,3,5,4,14,11,12,9,13,1
5,11,2,4,10,9,8,1,12,3,13,7,14,6
14,3,12,11,13,6,2,9,5,7,8,1,10,4
12,6,5,3,14,4,13,7,2,1,10,11,8,9
8,1,14,9,12,7,10,6,13,4,2,3,5,11
13,4,8,7,2,1,14,11,10,9,5,6,12,3
10,9,13,1,5,11,12,3,8,6,14,4,2,7
2,7,10,6,8,3,5,4,14,11,12,9,13,1
5,11,2,4,10,9,8,1,12,3,13,7,14,6
14,3,12,11,13,6,2,9,5,7,8,1,10,4
12,6,5,3,14,4,13,7,2,1,10,11,8,9
8,1,14,9,12,7,10,6,13,4,2,3,5,11
13,4,8,7,2,1,14,11,10,9,5,6,12,3
10,9,13,1,5,11,12,3,8,6,14,4,2,7
2,7,10,6,8,3,5,4,14,11,12,9,13,1
5,11,2,4,10,9,8,1,12,3,13,7,14,6
14,3,12,11,13,6,2,9,5,7,8,1,10,4
12,6,5,3,14,4,13,7,2,1,10,11,8,9
8,1,14,9,12,7,10,6,13,4,2,3,5,11
13,4,8,7,2,1,14,11,10,9,5,6,12,3
10,9,13,1,5,11,12,3,8,6,14,4,2,7
2,7,10,6,8,3,5,4,14,11,12,9,13,1
5,11,2,4,10,9,8,1,12,3,13,7,14,6
14,3,12,11,13,6,2,9,5,7,8,1,10,4
12,6,5,3,14,4,13,7,2,1,10,11,8,9
8,1,14,9,12,7,10,6,13,4,2,3,5,11
13,4,8,7,2,1,14,11,10,9,5,6,12,3
10,9,13,1,5,11,12,3,8,6,14,4,2,7
2,7,10,6,8,3,5,4,14,11,12,9,13,1
5,11,2,4,10,9,8,1,12,3,13,7,14,6
14,3,12,11,13,6,2,9,5,7,8,1,10,4
12,6,5,3,14,4,13,7,2,1,10,11,8,9
8,1,14,9,12,7,10,6,13,4,2,3,5,11
13,4,8,7,2,1,14,11,10,9,5,6,12,3
10,9,13,1,5,11,12,3,8,6,14,4,2,7
2,7,10,6,8,3,5,4,14,11,12,9,13,1
5,11,2,4,10,9,8,1,12,3,13,7,14,6
14,3,12,11,13,6,2,9,5,7,8,1,10,4
12,6,5,3,14,4,13,7,2,1,10,11,8,9
8,1,14,9,12,7,10,6,13,4,2,3,5,11
13,4,8,7,2,1,14,11,10,9,5,6,12,3
10,9,13,1,5,11,12,3,8,6,14,4,2,7
2,7,10,6,8,3,5,4,14,11,12,9,13,1
5,11,2,4,10,9,8,1,12,3,13,7,14,6
14,3,12,11,13,6,2,9,5,7,8,1,10,4
12,6,5,3,14,4,13,7,2,1,10,11,8,9
8,1,14,9,12,7,10,6,13,4,2,3,5,11
13,4,8,7,2,1,14,11,10,9,5,6,12,3
10,9,13,1,5,11,12,3,8,6,14,4,2,7
2,7,10,6,8,3,5,4,14,11,12,9,13,1
5,11,2,4,10,9,8,1,12,3,13,7,14,6
14,3,12,11,13,6,2,9,5,7,8,1,10,4
12,6,5,3,14,4,13,7,2,1,10,11,8,9
8,1,14,9,12,7,10,6,13,4,2,3,5,11
13,4,8,7,2,1,14,11,10,9,5,6,12,3
10,9,13,1,5,11,12,3,8,6,14,4,2,7
2,7,10,6,8,3,5,4,14,11,12,9,13,1
5,11,2,4,10,9,8,1,12,3,13,7,14,6
14,3,12,11,13,6,2,9,5,7,8,1,10,4
12,6,5,3,14,4,13,7,2,1,10,11,8,9
8,1,14,9,12,7,10,6,13,4,2,3,5,11
13,4,8,7,2,1,14,11,10,9,5,6,12,3
10,9,13,1,5,11,12,3,8,6,14,4,2,7
2,7,10,6,8,3,5,4,14,11,12,9,13,1
5,11,2,4,10,9,8,1,12,3,13,7,14,6
14,3,12,11,13,6,2,9,5,7,8,1,10,4
12,6,5,3,14,4,13,7,2,1,10,11,8,9
8,1,14,9,12,7,10,6,13,4,2,3,5,11
13,4,8,7,2,1,14,11,10,9,5,6,12,3
10,9,13,1,5,11,12,3,8,6,14,4,2,7
2,7,10,6,8,3,5,4,14,11,12,9,13,1
5,11,2,4,10,9,8,1,12,3,13,7,14,6
14,3,12,11,13,6,2,9,5,7,8,1,10,4
12,6,5,3,14,4,13,7,2,1,10,11,8,9
8,1,14,9,12,7,10,6,13,4,2,3,5,11
13,4,8,7,2,1,14,11,10,9,5,6,12,3
10,9,13,1,5,11,12,3,8,6,14,4,2,7
2,7,10,6,8,3,5,4,14,11,12,9,13,1
5,11,2,4,10,9,8,1,12,3,13,7,14,6
14,3,12,11,13,6,2,9,5,7,8,1,10,4
12,6,5,3,14,4,13,7,2,1,10,11,8,9
8,1,14,9,12,7,10,6,13,4,2,3,5,11
13,4,8,7,2,1,14,11,10,9,5,6,12,3
10,9,13,1,5,11,12,3,8,6,14,4,2,7
2,7,10,6,8,3,5,4,14,11,12,9,13,1
5,11,2,4,10,9,8,1,12,3,13,7,14,6
14,3,12,11,13,6,2,9,5,7,8,1,10,4
12,6,5,3,14,4,13,7,2,1,10,11,8,9
8,1,14,9,12,7,10,6,13,4,2,3,5,11
13,4,8,7,2,1,14,11,10,9,5,6,12,3
10,9,13,1,5,11,12,3,8,6,14,4,2,7
2,7,10,6,8,3,5,4,14,11,12,9,13,1
5,11,2,4,10,9,8,1,12,3,13,7,14,6
14,3,12,11,13,6,2,9,5,7,8,1,10,4
12,6,5,3,14,4,13,7,2,1,10,11,8,9
8,1,14,9,12,7,10,6,13,4,2,3,5,11
13,4,8,7,2,1,14,11,10,9,5,6,12,3
10,9,13,1,5,11,12,3,8,6,14,4,2,7
2,7,10,6,8,3,5,4,14,11,12,9,13,1
5,11,2,4,10,9,8,1,12,3,13,7,14,6
14,3,12,11,13,6,2,9,5,7,8,1,10,4
12,6,5,3,14,4,13,7,2,1,10,11,8,9
8,1,14,9,12,7,10,6,13,4,2,3,5,11
13,4,8,7,2,1,14,11,10,9,5,6,12,3
10,9,13,1,5,11,12,3,8,6,14,4,2,7
2,7,10,6,8,3,5,4,14,11,12,9,13,1
5,11,2,4,10,9,8,1,12,3,13,7,14,6
14,3,12,11,13,6,2,9,5,7,8,1,10,4
12,6,5,3,14,4,13,7,2,1,10,11,8,9
8,1,14,9,12,7,10,6,13,4,2,3,5,11
13,4,8,7,2,1,14,11,10,9,5,6,12,3
10,9,13,1,5,11,12,3,8,6,14,4,2,7
2,7,10,6,8,3,5,4,14,11,12,9,13,1
5,11,2,4,10,9,8,1,12,3,13,7,14,6
14,3,12,11,13,6,2,9,5,7,8,1,10,4
12,6,5,3,14,4,13,7,2,1,10,11,8,9
8,1,14,9,12,7,10,6,13,4,2,3,5,11
13,4,8,7,2,1,14,11,10,9,5,6,12,3
10,9,13,1,5,11,12,3,8,6,14,4,2,7
2,7,10,6,8,3,5,4,14,11,12,9,13,1
5,11,2,4,10,9,8,1,12,3,13,7,14,6
14,3,12,11,13,6,2,9,5,7,8,1,10,4
12,6,5,3,14,4,13,7,2,1,10,11,8,9
8,1,14,9,12,7,10,6,13,4,2,3,5,11
13,4,8,7,2,1,14,11,10,9,5,6,12,3
10,9,13,1,5,11,12,3,8,6,14,4,2,7
2,7,10,6,8,3,5,4,14,11,12,9,13,1
5,11,2,4,10,9,8,1,12,3,13,7,14,6
14,3,12,11,13,6,2,9,5,7,8,1,10,4
12,6,5,3,14,4,13,7,2,1,10,11,8,9
8,1,14,9,12,7,10,6,13,4,2,3,5,11
13,4,8,7,2,1,14,11,10,9,5,6,12,3
10,9,13,1,5,11,12,3,8,6,14,4,2,7
2,7,10,6,8,3,5,4,14,11,12,9,13,1
5,11,2,4,10,9,8,1,12,3,13,7,14,6
14,3,12,11,13,6,2,9,5,7,8,1,10,4
12,6,5,3,14,4,13,7,2,1,10,11,8,9
8,1,14,9,12,7,10,6,13,4,2,3,5,11
13,4,8,7,2,1,14,11,10,9,5,6,12,3
10,9,13,1,5,11,12,3,8,6,14,4,2,7
2,7,10,6,8,3,5,4,14,11,12,9,13,1
5,11,2,4,10,9,8,1,12,3,13,7,14,6
14,3,12,11,13,6,2,9,5,7,8,1,10,4
12,6,5,3,14,4,13,7,2,1,10,11,8,9
8,1,14,9,12,7,10,6,13,4,2,3,5,11
13,4,8,7,2,1,14,11,10,9,5,6,12,3
10,9,13,1,5,11,12,3,8,6,14,4,2,7
2,7,10,6,8,3,5,4,14,11,12,9,13,1
5,11,2,4,10,9,8,1,12,3,13,7,14,6
14,3,12,11,13,6,2,9,5,7,8,1,10,4
12,6,5,3,14,4,13,7,2,1,10,11,8,9
8,1,14,9,12,7,10,6,13,4,2,3,5,11
13,4,8,7,2,1,14,11,10,9,5,6,12,3
10,9,13,1,5,11,12,3,8,6,14,4,2,7
2,7,10,6,8,3,5,4,14,11,12,9,13,1
5,11,2,4,10,9,8,1,12,3,13,7,14,6
14,3,12,11,13,6,2,9,5,7,8,1,10,4
12,6,5,3,14,4,13,7,2,1,10,11,8,9
8,1,14,9,12,7,10,6,13,4,2,3,5,11
13,4,8,7,2,1,14,11,10,9,5,6,12,3
10,9,13,1,5,11,12,3,8,6,14,4,2,7
2,7,10,6,8,3,5,4,14,11,12,9,13,1
5,11,2,4,10,9,8,1,12,3,13,7,14,6
14,3,12,11,13,6,2,9,5,7,8,1,10,4
12,6,5,3,14,4,13,7,2,1,10,11,8,9
8,1,14,9,12,7,10,6,13,4,2,3,5,11
13,4,8,7,2,1,14,11,10,9,5,6,12,3
10,9,13,1,5,11,12,3,8,6,14,4,2,7
2,7,10,6,8,3,5,4,14,11,12,9,13,1
5,11,2,4,10,9,8,1,12,3,13,7,14,6
14,3,12,11,13,6,2,9,5,7,8,1,10,4
12,6,5,3,14,4,13,7,2,1,10,11,8,9
8,1,14,9,12,7,10,6,13,4,2,3,5,11
13,4,8,7,2,1,14,11,10,9,5,6,12,3
10,9,13,1,5,11,12,3,8,6,14,4,2,7
2,7,10,6,8,3,5,4,14,11,12,9,13,1
5,11,2,4,10,9,8,1,12,3,13,7,14,6
14,3,12,11,13,6,2,9,5,7,8,1,10,4
12,6,5,3,14,4,13,7,2,1,10,11,8,9
8,1,14,9,12,7,10,6,13,4,2,3,5,11
13,4,8,7,2,1,14,11,10,9,5,6,12,3
10,9,13,1,5,11,12,3,8,6,14,4,2,7
2,7,10,6,8,3,5,4,14,11,12,9,13,1
5,11,2,4,10,9,8,1,12,3,13,7,14,6
14,3,12,11,13,6,2,9,5,7,8,1,10,4
12,6,5,3,14,4,13,7,2,1,10,11,8,9
8,1,14,9,12,7,10,6,13,4,2,3,5,11
13,4,8,7,2,1,14,11,10,9,5,6,12,3
10,9,13,1,5,11,12,3,8,6,14,4,2,7
2,7,10,6,8,3,5,4,14,11,12,9,13,1
5,11,2,4,10,9,8,1,12,3,13,7,14,6
14,3,12,11,13,6,2,9,5,7,8,1,10,4
12,6,5,3,14,4,13,7,2,1,10,11,8,9
8,1,14,9,12,7,10,6,13,4,2,3,5,11
13,4,8,7,2,1,14,11,10,9,5,6,12,3
10,9,13,1,5,11,12,3,8,6,14,4,2,7
2,7,10,6,8,3,5,4,14,11,12,9,13,1
5,11,2,4,10,9,8,1,12,3,13,7,14,6
14,3,12,11,13,6,2,9,5,7,8,1,10,4
12,6,5,3,14,4,13,7,2,1,10,11,8,9
8,1,14,9,12,7,10,6,13,4,2,3,5,11
13,4,8,7,2,1,14,11,10,9,5,6,12,3
10,9,13,1,5,11,12,3,8,6,14,4,2,7
2,7,10,6,8,3,5,4,14,11,12,9,13,1
5,11,2,4,10,9,8,1,12,3,13,7,14,6
14,3,12,11,13,6,2,9,5,7,8,1,10,4
12,6,5,3,14,4,13,7,2,1,10,11,8,9
