0,0,7,0,5,0,12,0,3,4,2,0
0,0,0,0,1,9,8,2,0,12,4,0
0,1,0,10,3,12,0,7,0,0,9,0
0,0,12,0,7,0,0,0,1,9,0,10
0,12,0,0,6,4,1,0,5,0,0,7
0,8,0,1,0,2,9,11,6,0,12,0
11,9,0,6,0,8,0,10,3,4,0,1
0,0,0,0,0,0,8,2,10,0,0,3
5,1,0,10,0,12,4,0,8,11,9,0
0,4,12,3,0,0,6,0,1,9,0,0
0,0,0,8,6,0,1,0,0,0,0,7
3,0,0,1,10,0,9,11,0,0,12,0
0,0,7,0,5,8,0,0,0,0,0,1
7,0,11,0,0,9,0,0,0,12,4,3
0,1,0,10,0,12,4,7,0,11,0,0
2,4,0,0,7,0,6,5,0,9,8,10
0,0,9,0,6,0,0,3,0,0,0,7
3,8,4,1,10,0,9,0,0,7,12,0
0,9,0,6,0,0,12,10,0,4,2,1
0,0,0,0,0,9,8,0,0,12,0,0
5,1,0,0,0,12,4,7,0,0,9,6
0,4,12,0,7,11,6,0,0,0,8,0
10,12,9,0,6,4,1,3,0,2,11,0
0,8,0,0,10,0,9,0,0,0,0,5
11,0,7,0,0,0,12,10,3,4,2,0
0,0,0,5,0,0,8,2,10,12,4,0
0,1,2,0,0,0,0,7,8,0,9,0
2,4,12,0,7,0,6,0,0,0,8,10
0,12,0,0,6,4,0,0,5,0,0,0
3,0,4,0,10,2,9,0,0,7,0,5
0,0,7,0,5,8,0,10,3,0,0,1
7,0,11,0,1,0,0,2,0,0,4,3
0,0,0,0,0,0,4,0,8,11,9,0
0,0,0,3,7,11,0,5,0,0,8,10
0,12,9,8,0,0,1,3,5,0,11,7
3,8,4,1,0,0,0,0,6,0,0,5
0,0,7,6,0,8,0,0,0,4,0,0
0,6,0,5,0,0,8,0,10,12,4,3
0,1,0,10,3,12,4,0,8,0,0,0
2,4,12,3,7,0,6,5,0,9,0,10
0,0,9,0,0,0,1,3,5,0,0,7
3,8,4,0,10,0,9,0,0,0,0,0
11,9,0,0,0,8,12,10,0,4,2,1
7,0,11,5,0,0,0,2,0,12,4,0
5,1,2,10,3,12,4,7,0,11,9,6
0,0,12,0,0,0,0,5,0,0,0,10
0,12,0,0,6,0,0,0,0,0,11,0
0,8,4,0,0,0,0,11,6,0,12,0
0,0,7,0,5,0,0,10,0,0,2,0
0,6,11,5,1,9,8,0,0,12,4,3
5,1,2,0,3,12,4,7,0,11,0,0
0,4,12,0,0,0,0,0,0,9,0,0
10,0,0,8,0,0,0,3,5,2,11,0
0,8,0,0,0,2,9,0,0,7,12,5
0,9,0,6,0,8,12,0,3,0,0,0
0,0,11,5,0,9,8,0,0,12,0,3
5,0,2,10,3,0,0,7,8,0,0,6
2,0,12,3,7,11,0,0,0,9,8,10
10,12,9,8,0,4,1,0,0,0,0,7
3,0,0,0,0,0,0,11,6,0,0,0
0,9,0,6,0,8,0,10,3,0,0,0
7,0,11,0,0,0,8,0,10,0,0,3
0,0,2,0,0,12,4,0,8,0,0,6
2,0,12,3,7,11,6,5,1,0,0,10
0,0,0,8,6,0,1,0,5,0,0,7
0,8,0,0,10,2,9,0,6,7,0,5
11,9,7,6,0,8,0,0,0,0,2,1
0,0,0,0,0,0,0,2,0,12,0,3
5,1,2,0,3,12,0,7,0,11,0,0
0,4,12,0,0,11,0,0,0,0,0,0
10,0,9,8,6,4,1,3,0,2,0,0
3,0,4,1,0,0,9,0,6,7,12,5
0,9,0,0,0,8,0,10,3,0,0,1
7,6,11,0,1,0,8,0,0,12,4,3
0,1,0,0,0,12,0,0,8,0,9,6
0,4,12,0,7,0,6,5,0,9,8,0
0,0,9,0,6,4,0,3,5,2,11,0
0,0,4,1,0,0,9,0,0,7,0,0
11,0,7,6,0,8,12,10,3,0,0,0
0,0,0,0,0,9,0,2,10,0,0,3
5,0,2,10,0,12,0,7,0,11,9,6
2,4,0,0,7,11,0,0,1,0,8,0
0,0,0,0,6,0,0,3,0,2,11,7
3,0,0,1,10,0,9,11,0,0,12,0
11,0,0,6,0,8,12,10,3,0,0,0
0,6,11,0,1,0,0,2,0,12,4,0
0,1,2,0,0,0,4,7,0,0,0,6
0,0,0,0,0,11,6,5,0,9,0,0
10,12,9,8,0,4,1,0,0,2,0,7
3,0,4,1,0,0,0,11,6,7,0,5
11,0,7,0,5,0,0,10,3,4,2,0
0,0,0,0,1,9,0,2,0,12,4,0
5,1,0,0,0,0,4,7,8,0,0,6
0,0,12,0,7,11,6,0,1,0,8,10
10,12,9,0,6,0,0,0,0,0,11,0
3,0,4,1,10,0,0,0,0,7,12,0
0,0,7,0,5,0,0,10,0,0,2,0
0,0,11,5,0,9,8,2,0,0,0,3
0,0,2,10,3,0,0,7,0,0,0,6
2,0,12,3,0,0,0,0,1,9,0,0
0,12,0,8,6,4,1,3,0,2,11,0
3,8,0,1,10,2,9,0,6,7,0,0
11,9,0,6,0,0,12,0,3,0,0,0
0,0,11,5,0,0,0,2,10,12,0,3
5,0,2,0,3,0,4,0,0,11,9,6
0,0,12,0,0,11,0,0,1,0,0,10
10,0,9,8,6,0,1,3,0,2,11,7
0,0,0,0,10,0,9,11,0,0,12,5
0,9,7,0,0,0,12,10,0,4,2,0
0,0,11,0,0,0,8,0,10,12,0,3
5,1,0,0,3,12,4,0,0,0,9,6
0,0,0,0,0,11,6,5,0,9,8,0
10,12,0,8,6,0,1,0,5,2,0,7
3,0,0,1,10,2,0,0,6,0,0,0
0,9,0,6,5,8,12,0,3,4,2,1
0,6,0,0,1,0,0,2,0,12,4,3
0,0,0,10,3,0,4,0,8,11,9,0
0,0,0,0,0,11,6,5,0,0,8,0
10,0,0,0,0,4,0,0,5,2,11,7
3,8,4,1,0,0,0,0,0,0,0,5
0,9,0,6,0,8,12,0,0,0,0,0
7,6,0,0,0,0,8,2,0,12,0,0
5,0,2,10,3,12,0,0,0,11,9,0
2,4,12,3,0,11,0,0,0,9,8,10
0,12,9,8,6,0,1,0,0,0,0,0
0,8,0,0,0,2,9,11,0,7,12,5
11,9,7,0,5,0,12,0,0,4,2,1
0,6,11,5,1,9,8,0,10,0,4,0
5,0,0,10,3,12,4,0,0,0,0,0
0,0,0,0,7,0,0,0,1,9,8,0
10,12,9,0,0,4,0,0,5,2,0,0
0,0,4,0,10,0,0,11,0,0,12,5
11,0,7,0,5,8,0,10,3,4,0,1
0,6,0,0,1,0,0,0,0,12,4,0
0,0,0,0,0,12,4,7,0,11,0,0
2,0,12,3,0,0,6,5,0,0,8,0
10,12,0,8,0,0,1,0,5,2,11,7
3,0,4,0,0,0,0,11,6,7,12,0
0,0,7,0,5,8,0,0,0,0,0,0
0,6,0,5,1,9,8,2,10,12,0,3
0,0,0,10,3,12,0,7,0,0,0,0
2,4,12,3,0,11,6,5,1,9,0,0
0,0,0,0,0,0,1,3,5,2,11,0
0,8,4,1,0,2,0,0,6,0,12,0
0,9,0,0,5,0,12,10,0,4,2,0
7,6,11,5,1,9,0,2,10,12,4,0
0,0,2,10,3,12,0,7,0,0,0,0
2,4,0,0,0,0,6,0,0,9,8,0
10,0,0,8,6,0,0,0,0,2,11,0
3,0,0,1,0,2,0,11,0,7,0,0
0,0,0,0,0,8,12,0,3,4,2,0
7,6,0,0,1,0,8,0,0,0,0,3
5,1,2,0,0,12,4,7,0,0,0,0
0,4,0,3,0,11,0,0,1,9,0,10
10,12,9,0,0,0,0,0,5,2,0,7
3,8,0,1,10,0,9,11,0,0,12,5
0,0,7,6,5,8,0,0,3,4,0,0
0,0,0,0,0,0,0,0,10,0,4,3
0,1,0,10,0,12,4,7,8,0,9,0
2,4,12,0,0,11,0,0,1,0,0,10
10,12,0,0,6,4,1,3,0,0,11,0
3,8,0,1,10,0,0,11,0,7,12,0
0,0,7,6,0,8,12,10,3,0,2,0
7,0,0,0,1,9,8,2,0,12,0,0
0,0,2,10,3,0,0,7,0,11,9,0
0,4,0,0,7,11,0,0,1,0,0,0
0,12,9,0,0,4,0,0,5,0,11,0
3,8,0,0,10,2,9,11,0,7,0,5
0,0,7,6,0,8,12,10,3,0,2,0
7,6,11,0,1,0,0,0,0,0,4,0
5,0,2,10,0,12,4,0,0,11,0,0
0,0,0,0,7,11,6,0,0,9,8,0
10,0,9,0,6,0,1,3,0,2,11,7
3,8,0,0,10,0,0,0,0,7,0,5
0,0,0,0,5,0,0,10,0,0,0,1
0,6,11,0,1,0,0,0,10,12,0,0
5,1,0,10,0,12,0,7,8,11,0,0
0,4,12,0,7,11,0,5,1,0,8,10
0,12,0,8,0,4,0,0,5,0,11,0
3,0,4,0,10,2,9,11,6,0,0,5
11,9,7,6,0,0,12,10,0,0,0,1
7,6,11,0,0,0,0,2,10,12,0,0
5,0,0,10,0,12,4,7,0,11,0,0
0,4,0,0,7,11,0,0,0,0,0,10
10,12,9,0,0,4,0,0,5,2,0,0
3,0,0,1,0,2,9,11,0,0,12,5
11,9,7,0,5,0,0,10,3,4,0,1
7,0,0,0,1,9,0,0,10,12,0,3
5,1,0,10,0,0,4,0,8,0,9,0
2,4,0,0,7,0,0,0,1,0,8,0
0,0,9,0,6,0,0,3,0,2,11,7
3,8,0,0,0,0,9,11,0,7,0,0
0,0,0,6,0,8,0,10,0,0,0,1
0,0,11,5,1,9,0,0,10,12,4,0
0,0,0,10,0,12,0,7,8,11,9,0
2,4,0,3,0,0,6,5,1,9,8,10
0,0,9,0,6,4,1,3,5,2,0,0
0,0,4,0,0,0,9,11,0,0,0,0
0,0,0,6,5,8,0,10,0,4,0,0
7,0,0,0,1,9,0,0,10,0,4,0
5,0,2,0,3,0,0,7,0,0,9,0
2,0,0,0,0,11,6,5,0,9,8,10
10,0,0,8,0,4,1,3,5,0,11,7
0,8,4,1,0,0,9,0,0,7,0,5
0,0,7,0,0,0,12,0,0,4,2,0
7,0,11,5,1,9,0,2,10,0,4,0
0,0,2,10,0,0,4,7,0,11,0,0
0,4,0,0,0,11,6,0,0,9,8,10
10,0,9,0,0,4,1,0,5,2,11,0
3,0,0,1,0,0,0,11,6,0,12,5
11,9,7,6,5,8,12,0,0,4,0,0
7,0,0,5,1,9,8,2,10,12,0,0
5,0,2,10,0,0,0,0,8,11,9,6
0,0,12,3,0,11,0,0,0,0,0,0
0,0,9,0,6,4,0,3,0,2,0,0
3,0,0,0,0,0,9,0,0,7,12,5
11,9,0,6,0,8,0,0,3,0,0,0
7,0,11,5,1,0,0,0,10,0,0,3
0,1,2,10,0,12,0,0,0,11,9,6
2,0,0,0,7,0,0,5,1,9,8,10
0,12,0,0,0,0,1,3,0,0,11,0
0,8,4,1,0,2,9,0,0,0,12,5
0,9,7,0,5,0,0,0,0,4,0,1
0,0,11,0,1,9,8,0,10,0,0,0
5,0,2,0,0,0,0,7,0,11,0,6
0,4,12,3,7,11,6,5,0,9,0,10
10,0,9,0,6,4,0,3,0,0,11,7
0,0,0,0,0,0,9,11,6,7,0,5
11,0,7,0,0,8,12,10,0,0,0,1
7,6,0,5,1,0,0,0,10,0,4,0
0,0,2,10,3,0,0,7,8,11,0,0
2,0,12,0,7,0,0,5,0,9,8,10
10,0,9,8,0,4,0,0,0,2,0,0
3,0,4,1,0,0,0,0,6,7,12,0
0,9,7,6,0,8,12,10,3,0,0,0
7,6,0,0,0,9,0,0,10,12,4,0
0,0,0,0,3,12,4,0,0,0,9,6
0,0,12,0,0,11,6,0,0,9,8,0
10,12,0,8,0,0,1,0,0,2,11,7
0,0,4,1,10,2,9,0,0,0,12,0
0,0,7,6,0,0,0,0,0,0,0,1
7,6,11,5,1,9,8,0,0,0,4,0
5,1,0,10,0,12,4,7,8,11,0,6
2,4,0,3,0,11,0,5,0,0,8,0
0,12,0,0,0,0,1,3,5,0,0,7
3,0,0,1,10,0,0,11,0,7,0,0
11,0,0,6,5,0,12,0,3,4,2,0
0,0,11,0,0,9,0,2,10,0,4,0
5,0,0,10,0,0,4,7,0,0,0,0
2,0,12,0,7,11,0,5,0,0,0,10
0,0,9,0,0,0,1,0,5,0,11,7
3,0,4,1,10,0,9,11,6,7,0,5
11,0,0,0,5,0,12,0,3,4,2,0
7,0,0,5,0,9,8,0,10,12,4,0
0,1,2,0,3,12,0,7,0,0,9,6
0,4,0,0,7,11,0,0,0,0,8,0
10,0,0,8,0,4,0,3,5,0,11,0
3,0,4,0,10,2,0,11,0,0,12,0
11,9,7,6,5,0,0,10,0,4,0,0
7,0,11,0,0,0,8,0,0,0,4,3
5,1,0,10,0,0,4,7,0,0,9,6
2,0,0,0,0,11,6,0,1,0,8,10
0,0,9,8,6,4,0,0,0,2,11,0
0,0,4,0,10,2,0,11,0,0,12,0
11,9,0,6,5,0,12,0,3,4,0,1
0,6,11,0,0,9,8,0,0,12,0,0
0,1,0,10,0,12,0,7,8,11,0,0
2,0,0,3,0,11,0,5,1,0,0,0
0,12,9,8,6,0,0,0,0,0,0,0
0,0,4,0,10,2,9,11,0,7,12,5
0,9,7,0,5,8,0,0,0,4,0,0
7,0,0,0,0,9,0,2,10,0,4,3
0,1,0,10,3,12,4,7,0,11,0,0
0,4,0,0,0,0,0,0,0,9,0,0
0,12,9,8,6,4,1,3,5,2,11,0
3,0,0,1,0,0,9,0,6,0,12,5
0,9,7,0,5,8,0,0,3,4,0,0
7,0,11,0,1,9,8,2,0,12,4,0
0,1,0,0,3,0,4,7,0,11,0,6
2,4,12,0,0,11,0,0,1,0,8,0
10,0,9,0,0,4,1,0,5,0,11,0
0,0,4,0,0,2,0,0,0,0,12,5
0,0,7,6,5,8,12,10,3,4,2,1
0,0,11,5,1,0,8,2,10,12,0,0
0,0,0,0,3,0,4,7,0,0,9,0
2,4,0,0,7,11,0,0,0,9,0,0
0,12,0,0,0,4,0,3,0,2,11,0
0,0,0,0,0,2,9,11,0,0,12,5
