8,0,14,0,12,7,10,6,13,0,0,3,0,11
0,4,0,7,2,0,14,11,10,0,0,0,0,0
0,0,13,0,5,11,12,0,8,0,0,0,0,0
2,7,0,6,8,3,0,0,14,11,12,0,13,0
0,0,0,4,10,9,0,0,0,3,0,7,14,0
14,0,12,11,0,0,2,0,5,7,0,0,10,0
12,0,0,3,0,0,13,7,2,1,0,11,0,0
0,1,14,9,0,0,10,0,13,4,2,3,5,11
13,0,8,7,2,0,0,0,10,0,0,0,0,3
0,9,0,1,0,0,0,3,0,0,0,4,2,0
2,7,0,6,0,0,5,0,14,0,12,0,0,0
0,11,2,0,10,9,0,0,0,0,13,7,14,6
14,0,0,0,0,0,2,0,0,7,0,1,0,4
12,6,5,3,14,0,0,7,0,1,0,11,8,0
0,1,14,9,12,7,0,6,13,0,2,0,0,0
0,4,0,0,0,0,14,11,0,0,0,6,12,0
10,0,13,0,0,11,0,0,0,6,14,0,2,7
2,0,0,6,8,0,5,4,14,0,0,0,0,1
5,11,2,4,10,0,8,0,12,0,0,7,0,0
0,0,0,11,0,0,2,9,5,7,8,0,0,4
0,6,5,0,0,4,0,0,2,0,10,0,8,9
8,0,14,9,12,7,0,0,13,0,0,3,0,11
0,4,0,7,0,1,14,0,10,0,5,6,12,3
10,0,13,0,5,11,0,3,0,0,14,4,2,0
0,0,10,6,8,0,0,0,14,0,0,9,0,0
5,0,2,0,0,0,0,1,0,0,13,0,14,0
14,0,12,0,13,6,0,0,5,7,8,0,0,0
0,0,0,3,0,4,13,7,2,0,10,0,0,9
8,0,0,0,0,0,0,0,0,0,0,3,5,11
13,4,0,0,0,0,0,0,10,0,5,6,0,3
0,0,0,0,5,0,0,3,0,6,14,0,0,0
2,0,0,6,0,3,0,4,14,0,12,0,13,1
5,11,2,4,10,0,8,1,0,0,13,7,14,6
14,0,12,11,0,0,0,9,5,0,8,1,0,4
12,0,5,3,14,4,0,7,0,0,0,11,8,0
0,1,14,0,0,0,10,0,0,0,0,3,5,0
0,4,8,7,2,0,14,11,10,0,0,0,0,3
10,9,13,0,0,11,12,3,0,0,0,0,0,7
0,0,10,0,8,3,0,4,0,11,12,0,13,1
0,11,2,4,0,0,8,0,0,0,13,0,14,6
14,0,0,0,0,0,0,9,5,0,0,1,0,4
12,0,5,3,0,4,0,7,2,1,10,0,0,9
8,0,0,0,12,7,10,6,13,0,2,0,5,11
13,4,8,0,2,0,0,0,0,9,0,0,12,0
10,9,0,0,0,0,0,3,0,0,0,4,2,0
0,0,0,6,0,3,0,4,0,0,0,9,13,1
5,11,0,4,10,9,0,0,0,0,13,7,14,0
0,0,12,0,0,6,2,0,5,0,8,0,0,0
0,6,5,3,14,0,13,0,2,0,10,11,8,9
0,0,14,0,0,0,0,6,13,0,2,3,5,11
13,4,8,7,2,1,14,0,0,9,0,0,12,0
10,9,13,1,5,0,0,0,0,0,0,4,0,7
2,7,0,6,0,0,5,4,14,0,0,0,0,0
5,0,2,0,0,0,8,1,12,0,13,7,0,6
14,0,12,0,0,6,0,9,5,0,0,1,0,4
12,0,0,3,0,0,13,0,2,0,10,0,0,0
8,1,0,9,0,0,10,6,0,0,2,0,0,0
13,0,8,0,0,0,14,0,10,9,0,0,0,3
0,9,13,0,5,0,12,0,8,0,14,0,2,7
0,7,10,6,8,0,5,4,14,0,12,0,0,1
5,0,2,0,10,0,0,0,0,0,13,7,14,6
0,3,12,11,13,0,0,0,5,7,8,1,0,4
0,0,0,3,14,0,13,0,0,0,0,11,0,0
8,0,0,0,12,7,0,0,13,0,2,0,5,0
13,0,0,7,2,1,0,0,10,9,5,0,0,0
10,9,13,1,5,0,12,0,8,0,14,0,2,7
2,0,10,6,0,3,0,0,14,0,12,0,0,0
0,11,0,0,0,9,0,0,0,0,13,0,14,0
14,3,12,11,0,6,2,0,0,7,0,1,0,4
0,6,5,3,0,0,0,0,2,1,0,11,0,9
8,1,0,9,0,7,10,0,13,0,0,3,0,11
0,0,8,0,0,0,0,0,10,9,0,0,12,3
10,9,0,1,5,11,12,3,8,0,14,4,2,0
0,7,10,0,0,3,0,0,14,11,0,9,13,0
0,0,2,4,10,9,8,0,0,0,13,0,0,0
0,0,0,0,0,6,0,0,0,0,0,1,10,0
12,6,0,3,0,4,0,7,0,1,0,11,8,9
0,1,14,9,0,7,0,0,13,0,2,3,0,11
0,0,0,7,2,1,14,0,0,9,5,6,12,0
10,0,13,0,0,0,12,0,0,0,0,0,2,0
0,7,0,6,0,3,0,0,0,0,12,0,0,0
0,0,0,4,0,9,8,1,12,0,0,0,0,6
0,3,12,11,13,0,0,9,5,7,8,1,0,4
12,0,0,3,14,4,13,7,0,1,0,11,8,0
0,0,0,9,0,7,0,6,13,4,0,0,5,0
13,0,8,7,2,0,14,11,0,9,5,6,0,3
0,0,0,0,5,0,0,0,0,0,14,0,2,0
2,7,0,6,0,3,0,0,14,0,12,9,13,0
5,11,0,0,10,0,0,1,0,3,13,7,14,6
0,3,0,0,0,6,0,0,0,0,0,0,10,0
0,6,5,0,14,4,13,0,2,1,10,0,8,9
0,0,0,0,12,0,0,6,13,0,2,0,5,11
13,0,8,0,0,1,0,0,10,9,0,6,0,3
10,0,0,0,5,11,0,0,8,0,14,4,0,7
2,0,10,6,8,3,5,0,0,0,12,0,0,0
5,11,0,0,10,0,0,0,12,0,0,7,14,0
0,0,12,11,13,0,0,0,0,7,0,1,10,4
12,6,0,3,14,0,13,7,2,0,10,0,8,0
8,0,14,0,12,0,10,0,0,4,2,3,5,0
13,0,0,0,0,1,14,11,10,9,0,6,12,3
0,0,0,1,0,11,12,3,0,0,0,0,0,7
0,7,0,6,8,0,0,4,0,0,0,0,0,0
0,11,2,4,10,0,8,0,0,0,13,7,0,6
0,3,12,11,13,6,2,0,0,7,8,1,0,0
0,6,5,0,0,4,0,7,0,0,10,0,0,9
8,0,0,9,0,7,10,6,0,4,2,3,0,11
13,0,0,7,2,1,14,0,0,9,5,6,0,3
0,0,0,1,0,11,12,0,8,0,14,0,0,0
2,0,10,6,0,3,5,0,0,11,0,0,0,0
5,11,0,4,10,9,0,0,12,0,13,7,0,6
0,0,12,11,0,0,0,0,5,0,8,0,10,0
0,6,0,0,14,0,13,0,2,1,0,11,0,0
8,0,14,9,0,7,0,0,13,4,0,0,0,0
0,0,8,7,0,1,14,11,0,9,0,0,12,0
0,9,0,1,0,11,0,3,0,0,14,4,2,7
2,7,0,0,0,0,5,0,0,0,12,9,13,0
0,0,0,4,10,9,8,0,0,0,13,0,14,0
14,3,0,11,13,6,2,9,0,0,8,1,10,0
12,6,0,3,14,4,0,7,0,0,0,0,0,0
8,1,14,0,0,7,0,6,0,4,2,3,0,0
13,4,8,0,0,0,0,11,0,9,0,0,0,3
10,0,13,1,0,0,0,3,0,6,0,0,2,7
0,7,10,0,8,3,0,4,14,0,0,0,0,0
0,0,2,4,10,9,0,1,12,3,13,7,0,6
0,3,0,0,0,0,2,0,0,0,8,0,10,0
12,0,5,0,0,4,0,7,2,1,0,11,8,0
0,1,14,0,12,7,0,6,0,0,2,3,0,11
0,4,8,0,0,0,0,11,0,0,5,6,12,3
0,9,0,1,0,11,12,3,0,0,0,4,2,0
2,0,10,0,0,0,5,0,0,0,12,0,13,1
5,11,0,0,0,9,0,1,0,3,13,7,0,0
0,0,0,11,0,0,2,0,5,0,0,1,0,4
0,6,0,3,14,4,13,0,2,1,0,0,8,9
0,1,0,9,12,7,0,6,13,0,2,0,5,0
0,4,8,7,0,0,0,0,10,9,0,6,12,0
10,9,0,0,0,0,0,0,0,6,14,0,2,0
0,7,10,6,8,3,0,0,0,11,0,0,0,1
0,0,2,4,0,0,8,0,12,0,0,0,14,0
0,3,12,11,13,6,0,0,5,0,8,1,0,4
12,0,0,3,14,4,13,7,0,1,0,11,0,0
0,0,14,9,12,0,10,0,0,0,0,3,0,11
13,4,0,0,0,0,14,11,0,0,5,0,0,3
10,0,13,1,5,0,12,0,0,6,14,4,2,7
0,7,10,6,0,0,5,0,0,0,0,9,13,1
0,11,0,0,0,0,0,1,0,0,13,7,14,0
14,3,0,0,0,0,2,9,0,0,8,0,10,4
0,6,0,0,0,4,13,7,0,1,0,11,8,9
8,0,0,9,12,7,10,0,0,4,0,3,5,0
13,0,8,0,0,0,14,11,0,9,0,0,12,0
0,0,0,0,5,11,12,3,8,6,0,4,2,0
2,7,10,6,0,0,5,4,14,0,12,0,13,1
0,0,2,4,10,0,0,1,0,0,0,0,0,0
0,3,0,0,13,6,2,9,5,7,0,0,10,4
0,0,0,0,14,0,0,7,2,0,0,11,0,0
0,1,0,9,12,7,10,6,13,0,0,3,0,0
0,4,0,7,0,0,0,0,10,9,5,6,0,0
10,0,13,0,0,11,0,3,0,6,0,0,0,7
0,7,10,0,8,3,0,4,14,0,12,9,13,1
0,11,0,0,0,0,0,0,12,0,0,0,14,0
14,3,12,11,13,0,2,9,5,0,8,0,0,4
0,0,0,0,0,0,0,7,0,1,10,11,8,9
0,1,0,0,0,0,10,6,0,0,0,3,0,11
0,0,8,0,0,0,14,11,0,9,0,0,0,3
10,0,13,1,5,0,12,0,0,6,14,4,0,0
2,0,10,0,8,3,0,4,14,11,12,9,0,0
0,11,0,0,10,9,8,1,12,0,13,0,14,6
0,3,0,0,13,6,0,9,5,7,0,0,10,4
0,0,0,3,14,4,0,0,2,0,0,11,0,0
8,1,0,0,12,7,0,0,13,4,0,0,0,0
13,4,0,7,2,0,0,11,0,9,5,0,0,0
10,9,0,0,0,11,12,0,0,0,0,4,0,0
2,7,0,6,0,3,5,0,0,11,0,0,13,1
0,0,2,0,10,9,0,1,12,3,13,7,0,6
14,0,0,11,0,6,2,9,5,0,0,1,0,4
12,6,0,0,14,0,13,0,0,0,10,0,8,0
8,0,14,0,12,7,0,0,0,0,2,0,5,11
0,4,8,0,0,1,14,11,0,9,0,6,0,3
0,9,0,0,0,0,12,0,8,0,14,0,0,0
0,0,10,6,8,3,0,0,14,11,12,9,0,0
0,11,2,4,10,0,8,1,0,0,13,0,14,0
14,0,12,11,0,0,0,9,0,7,0,0,10,0
12,6,5,0,0,4,13,0,2,1,10,0,0,0
8,1,14,9,0,7,0,0,0,4,2,3,5,11
13,0,0,7,2,1,0,11,10,0,0,6,0,0
10,0,13,0,5,11,12,3,8,6,14,4,0,7
2,0,10,0,8,3,0,0,14,0,0,0,13,1
0,0,2,0,0,9,0,1,12,0,0,7,14,0
0,0,0,0,13,6,2,0,5,0,0,0,0,0
0,0,0,3,0,0,0,0,2,0,0,0,8,9
8,0,0,9,12,7,0,6,13,0,2,3,0,0
13,4,0,0,0,0,14,0,10,0,5,6,12,3
10,0,0,1,0,11,0,3,0,0,14,4,0,7
0,0,10,0,0,3,5,4,14,11,0,9,0,0
5,11,0,4,10,0,0,1,12,0,13,0,0,0
0,0,12,0,13,0,2,9,0,0,8,0,10,4
0,0,0,3,0,0,0,0,2,1,10,0,0,9
8,0,0,9,0,0,0,0,13,4,2,0,5,11
0,0,0,0,0,0,14,0,10,9,5,6,0,0
0,9,0,1,0,11,0,0,8,6,14,4,0,0
2,0,0,0,0,3,5,0,14,11,0,9,13,1
0,0,2,4,10,9,8,0,12,3,0,0,14,6
0,0,12,0,0,0,2,0,5,0,0,0,0,0
12,6,5,3,14,4,13,0,0,0,10,11,0,9
8,1,14,9,12,7,0,0,0,0,2,0,5,11
0,0,0,0,0,0,14,0,10,9,0,0,12,0
0,9,0,0,0,11,12,0,0,0,14,0,2,0
2,0,0,0,8,0,0,4,0,11,0,0,0,1
5,11,0,4,0,0,8,1,12,0,13,7,0,6
0,0,0,11,13,6,2,9,0,7,8,0,0,0
12,6,0,0,14,4,13,0,2,1,10,11,8,0
0,0,14,0,0,7,0,0,13,4,2,0,0,0
13,0,0,0,2,1,14,0,10,0,0,6,0,0
0,0,13,0,0,11,12,3,8,6,0,0,2,7
2,0,0,0,8,3,5,0,0,0,12,0,0,1
5,11,0,4,10,0,8,1,0,0,0,0,14,6
0,0,12,11,13,0,0,0,5,0,8,1,10,4
12,6,5,0,14,0,0,7,2,0,10,0,0,9
0,0,0,9,0,7,10,0,0,4,0,3,5,0
0,0,0,7,2,1,0,0,10,9,5,6,12,3
10,9,0,1,0,0,0,3,8,6,14,4,0,7
2,0,10,6,0,3,0,4,14,11,12,0,0,0
0,0,0,4,10,0,0,0,12,3,13,0,0,6
14,3,12,0,0,0,0,9,0,7,8,0,0,4
0,6,5,0,0,0,0,7,0,0,10,0,0,0
8,0,14,9,12,7,10,6,0,0,2,0,5,11
13,4,0,0,0,1,14,0,0,0,5,6,0,3
10,0,0,1,0,11,12,0,8,6,14,4,0,0
0,0,10,0,8,3,0,0,14,0,0,9,13,1
0,11,2,0,0,0,0,0,12,3,0,0,14,0
0,3,12,0,0,0,0,0,0,0,8,0,0,4
12,0,5,3,14,0,0,7,0,1,0,0,8,9
8,1,14,9,12,0,0,6,0,0,0,3,0,0
0,4,0,0,0,1,14,11,10,0,5,6,0,0
0,0,0,1,5,11,12,3,8,0,0,0,0,7
2,7,0,0,0,3,0,0,0,11,12,9,13,0
0,11,2,0,0,9,0,0,12,0,13,7,14,6
0,0,0,0,13,6,2,9,0,7,0,1,10,0
0,6,0,3,14,4,0,0,0,1,10,0,0,0
8,1,0,9,12,0,10,0,13,4,2,0,5,0
0,4,8,0,2,1,14,0,0,0,0,0,12,3
10,0,13,0,0,11,0,0,0,6,14,0,0,0
0,7,0,6,8,3,0,0,14,11,0,0,13,0
0,11,2,0,0,9,8,0,12,3,13,7,14,6
14,3,0,11,13,6,2,9,0,0,0,1,0,0
0,0,0,0,0,4,0,0,0,0,0,11,0,9
0,1,0,9,12,7,10,6,13,0,0,3,5,11
13,0,0,0,2,0,0,0,0,9,5,6,0,3
10,9,0,1,0,11,0,3,0,0,0,0,0,7
2,7,0,6,8,0,5,0,0,11,0,0,0,1
5,11,2,0,0,9,0,0,0,0,13,7,0,6
0,0,12,11,13,6,0,9,5,7,8,0,0,0
12,0,0,0,0,0,13,0,2,0,0,0,8,9
8,0,0,0,12,0,10,6,13,0,0,0,5,11
0,4,0,7,0,0,14,11,0,9,5,6,0,0
0,0,13,1,5,11,12,0,8,0,0,4,2,7
0,7,10,6,0,0,5,0,14,11,12,0,0,0
0,0,0,0,10,9,0,0,0,3,13,7,0,6
14,3,12,0,0,0,0,9,5,0,0,0,0,4
12,0,0,0,0,4,13,0,2,1,0,11,8,0
0,1,0,0,0,7,10,6,13,4,0,0,5,0
0,0,8,7,2,0,0,11,0,9,5,0,12,3
10,9,0,0,5,11,0,3,8,0,14,4,0,0
2,7,0,6,0,3,0,4,14,0,12,0,0,0
0,11,0,0,0,0,0,1,0,3,0,7,14,6
14,3,0,11,13,6,2,9,0,7,8,0,0,4
12,0,0,0,0,0,13,7,0,0,0,0,0,0
0,1,14,0,0,0,0,6,0,4,0,0,5,11
13,4,0,7,0,0,14,11,10,0,0,6,0,3
0,0,13,0,5,11,0,3,0,0,14,0,2,0
2,7,0,6,8,3,0,4,0,11,0,9,0,0
0,11,0,4,10,9,8,0,12,3,13,0,0,0
0,3,12,11,0,6,0,0,5,7,0,1,10,0
0,0,5,3,0,0,0,0,0,1,0,11,8,0
0,1,14,0,12,0,10,6,13,4,2,3,5,11
13,4,8,0,2,0,0,11,10,0,0,0,12,3
10,9,0,1,0,0,12,0,0,0,0,0,2,7
2,0,0,6,8,0,0,0,0,11,0,0,0,1
0,11,2,4,0,9,0,0,12,0,0,7,0,6
0,3,0,11,0,0,0,0,0,0,8,1,0,4
12,6,0,0,14,4,0,0,0,0,10,11,0,9
8,0,0,9,0,0,0,0,0,4,0,3,5,0
0,0,0,7,0,1,14,11,10,0,5,0,0,3
10,0,13,1,0,11,0,3,8,6,0,4,2,0
2,7,0,0,0,3,5,4,14,11,12,0,13,0
0,11,0,0,10,9,8,0,0,0,13,0,14,6
14,3,12,0,0,0,2,9,0,0,0,1,0,4
0,6,0,0,0,0,13,0,2,0,10,0,8,0
0,1,14,0,0,7,10,0,13,4,2,3,0,0
13,0,8,7,2,0,14,11,0,0,5,6,0,0
10,0,0,1,5,11,12,0,8,0,14,0,2,0
0,0,0,0,0,0,5,4,0,11,0,9,0,0
5,11,0,0,10,0,8,0,12,0,0,0,0,6
14,3,0,0,13,0,0,9,0,0,8,0,10,0
12,0,5,3,14,4,0,7,0,0,0,11,8,9
8,0,14,9,12,0,0,6,0,4,2,0,0,11
0,4,0,0,0,0,0,11,0,9,0,6,12,3
0,9,13,0,5,0,12,0,0,6,14,0,0,0
0,7,0,0,0,0,0,0,0,11,0,9,0,1
0,11,0,4,10,0,8,1,12,0,0,7,0,6
14,0,12,11,0,6,0,9,0,0,8,0,10,0
12,0,5,3,14,0,13,7,2,0,10,11,8,0
0,1,0,9,0,0,10,6,13,0,0,0,0,0
0,4,0,0,2,0,14,0,0,9,5,0,12,0
10,0,13,1,0,0,12,0,0,6,14,4,0,7
0,0,10,6,8,3,5,0,14,11,12,0,13,0
5,0,2,4,0,0,8,1,0,3,0,0,14,0
14,3,12,0,0,0,2,9,5,0,0,0,0,4
0,6,0,0,0,4,13,0,2,1,10,0,0,9
0,0,14,9,12,0,10,0,13,0,2,0,5,11
0,4,0,7,2,0,0,11,10,0,0,0,0,0
10,9,0,0,5,0,0,3,8,0,14,4,2,7
0,7,10,6,0,3,0,4,14,0,0,9,13,0
5,0,0,0,10,9,8,0,0,0,0,0,14,6
0,0,0,11,0,6,2,9,5,0,8,0,0,0
0,6,5,3,14,0,0,0,2,0,10,11,0,0
8,0,14,0,0,0,0,0,0,0,2,0,5,0
0,4,8,7,2,1,0,11,10,9,5,6,0,0
0,9,0,1,5,11,12,3,8,0,14,0,2,7
0,7,0,0,0,0,0,0,0,11,12,9,0,1
0,0,2,0,0,0,0,0,12,3,0,0,0,6
14,0,12,0,13,6,0,0,5,7,0,1,10,0
0,0,0,3,14,4,13,0,0,1,10,0,8,9
8,1,14,0,12,0,0,0,13,4,0,3,5,0
0,4,0,7,0,0,0,11,10,9,5,0,0,0
10,9,13,0,5,11,12,3,0,0,14,0,0,7
2,7,10,6,0,3,5,0,14,11,0,0,0,1
0,0,2,4,10,0,0,1,0,3,0,0,0,0
0,3,0,11,0,0,0,9,0,0,0,0,0,0
12,6,0,3,14,4,13,0,0,1,0,0,8,9
0,0,0,0,0,7,0,0,0,0,0,3,5,11
0,4,0,0,2,0,0,11,10,0,0,6,12,0
0,9,13,0,0,11,0,3,0,6,14,0,2,7
0,7,10,0,8,3,0,0,14,11,12,0,13,1
5,11,0,4,0,0,0,0,0,0,0,7,0,6
14,3,0,11,13,0,2,9,5,0,8,1,0,0
0,6,5,0,14,4,13,7,2,0,0,0,0,9
