0,0,0,0,0,0,10,11,19,0,0,0,15,0,6,5,4,3,0,1
0,20,16,0,10,0,0,18,0,8,19,13,7,11,0,0,0,0,0,12
13,0,4,6,0,0,9,0,10,0,20,15,0,0,0,0,0,0,0,11
0,14,19,20,11,0,0,4,0,15,6,0,13,0,2,10,5,12,0,0
0,0,11,0,0,0,0,0,1,16,0,5,0,0,9,14,0,0,4,19
10,0,0,0,13,0,0,0,14,20,0,0,0,0,19,0,0,0,0,0
0,0,9,10,16,0,3,0,0,0,0,12,18,8,17,20,15,19,13,14
7,2,3,15,8,1,0,5,11,6,4,0,20,0,0,13,0,9,0,17
0,4,2,0,0,6,8,0,0,5,0,9,0,0,0,0,13,0,20,10
3,19,0,0,5,9,20,7,0,2,14,0,0,0,1,0,11,10,15,0
18,16,14,0,20,12,10,0,0,13,8,7,0,0,0,0,4,3,2,0
17,0,16,5,0,15,0,18,0,0,19,0,7,0,4,0,2,1,0,12
13,1,0,0,0,19,0,2,10,3,0,15,0,12,18,8,7,0,5,0
0,14,0,0,0,18,0,4,17,0,0,0,13,16,0,10,0,0,8,7
15,0,0,18,7,0,12,0,1,0,2,5,0,3,0,14,0,20,0,0
0,6,0,0,13,0,16,0,14,0,11,18,0,0,0,7,0,8,0,0
5,0,0,10,0,0,3,6,7,4,0,12,18,8,17,20,0,19,13,0
0,0,0,15,0,0,19,0,11,0,0,0,20,0,0,0,18,9,0,0
0,0,2,0,3,6,0,0,18,0,0,0,0,0,0,11,0,14,20,0
3,19,8,0,5,9,20,0,0,0,0,17,0,0,1,16,11,10,0,18
0,0,14,17,20,0,10,11,19,0,8,0,15,0,6,5,0,0,0,1
17,20,0,5,10,0,0,0,9,0,19,0,7,11,0,3,0,1,0,0
13,0,0,0,0,0,0,2,10,3,0,15,0,12,0,0,0,0,5,11
0,14,0,0,0,18,1,0,0,15,6,0,13,0,0,0,5,12,0,0
15,8,11,18,0,0,12,13,0,0,2,0,0,0,0,0,0,20,0,0
10,6,0,0,13,4,0,15,14,0,0,0,5,0,0,0,17,0,0,0
5,11,9,10,16,2,3,0,7,4,0,0,18,8,0,0,15,19,13,14
0,2,3,15,0,0,0,5,0,0,4,10,20,0,0,0,18,9,16,17
0,4,2,7,3,6,0,0,18,0,16,9,0,19,15,0,0,0,0,10
3,0,0,0,0,9,20,0,0,2,0,17,6,0,1,0,11,10,15,0
0,16,14,0,0,12,0,0,19,0,0,7,15,0,6,0,0,3,0,1
0,20,16,0,10,15,0,0,9,0,0,0,0,11,0,0,2,0,6,12
0,1,0,6,0,19,9,0,10,3,0,0,17,0,0,0,0,0,0,11
0,14,19,0,11,0,1,4,17,0,0,3,0,16,2,0,0,0,8,7
15,0,0,0,0,0,0,13,0,16,0,5,0,0,9,0,0,20,0,19
0,6,12,1,0,4,16,15,14,0,0,18,0,0,19,0,17,0,0,0
0,0,9,10,0,0,3,0,7,0,0,12,18,8,17,20,15,19,0,0
0,2,3,0,0,1,0,5,0,6,4,0,20,14,0,13,0,0,16,17
12,0,2,0,3,0,8,17,18,0,16,0,1,0,15,0,13,0,20,10
3,0,0,13,5,9,20,7,12,0,0,17,6,0,1,16,11,0,0,0
18,16,14,0,20,12,0,11,19,13,0,7,0,9,0,5,4,3,2,0
17,0,16,5,10,0,14,0,9,0,19,0,0,0,0,3,0,1,0,0
13,0,0,0,0,19,0,0,10,0,20,0,17,0,0,0,7,16,5,0
9,0,0,0,0,18,1,4,17,0,0,0,0,0,2,10,5,0,0,0
0,0,11,0,7,0,0,13,1,0,0,5,10,0,0,14,0,20,4,19
10,6,12,1,13,4,16,0,0,0,11,0,0,0,0,7,0,0,3,0
5,0,9,10,16,0,3,0,7,0,0,0,18,8,17,20,15,0,13,14
0,0,0,15,0,0,19,5,11,6,0,0,0,14,0,13,0,9,0,0
0,4,0,0,0,0,0,17,18,5,16,9,1,19,0,0,13,0,20,0
0,0,0,13,5,9,20,7,0,0,0,0,6,4,0,0,11,10,0,18
18,0,0,0,20,12,0,11,19,0,8,7,15,0,6,5,0,0,2,0
0,0,0,5,10,0,14,18,9,0,0,13,7,0,0,3,2,1,0,12
13,0,4,6,0,0,9,0,0,0,20,15,17,12,18,8,7,16,0,0
0,0,0,20,0,0,1,4,0,0,0,0,13,16,0,0,5,12,8,0
0,0,0,0,7,0,12,13,1,0,2,0,0,3,0,14,6,20,0,19
10,6,0,0,13,0,0,15,0,0,0,18,0,0,0,7,17,8,3,9
0,0,0,10,16,2,0,0,7,0,0,0,18,0,17,0,15,19,13,14
0,2,3,0,8,1,19,0,0,6,4,0,0,0,12,0,18,9,16,0
12,4,2,7,0,6,0,17,18,0,0,0,1,0,0,0,0,14,20,10
3,0,0,0,0,9,20,0,12,0,0,0,0,4,0,0,0,0,0,18
18,0,14,0,0,0,10,11,19,13,0,0,15,0,6,5,4,3,0,1
17,0,16,0,0,15,14,18,0,0,19,13,7,11,0,3,0,0,6,12
0,0,0,6,0,19,9,2,10,0,20,15,17,12,0,0,0,0,5,11
0,0,0,20,11,18,0,4,17,0,6,3,0,0,2,10,5,12,0,0
0,0,11,18,0,17,12,0,0,16,2,0,0,3,0,14,0,0,4,0
10,0,0,1,13,4,16,15,14,0,11,18,5,0,0,7,0,0,3,0
0,11,9,0,16,0,0,6,0,4,1,12,0,8,17,0,0,19,13,0
7,0,0,0,0,0,0,0,0,6,4,10,0,0,12,0,18,0,16,17
12,4,2,0,0,6,0,17,0,0,0,9,0,19,0,0,0,0,0,0
0,19,0,0,5,0,0,0,12,0,0,17,6,4,0,0,0,0,15,0
0,0,14,0,0,0,10,11,0,0,8,0,0,0,0,0,0,3,0,0
0,0,16,0,0,15,14,18,9,0,19,0,7,0,0,3,0,1,0,12
13,1,0,6,0,0,9,2,10,3,20,15,17,12,18,0,7,16,0,0
9,0,0,20,0,0,0,4,17,0,0,0,13,0,2,10,0,0,8,7
0,8,11,0,7,17,12,13,0,0,2,0,0,3,0,14,6,0,0,19
0,6,0,1,13,4,0,15,14,20,11,18,0,0,19,0,0,0,3,0
5,0,9,10,16,0,3,0,7,4,1,0,18,8,0,0,15,19,13,0
0,2,3,0,8,1,0,0,11,0,0,10,20,0,12,13,18,9,0,0
12,0,2,0,3,0,8,17,0,0,0,9,0,19,15,0,0,14,0,0
0,19,0,13,5,0,20,7,0,0,0,0,0,4,0,0,0,0,0,18
0,16,0,17,20,0,10,0,19,13,8,0,0,9,0,0,0,3,0,1
0,0,0,0,0,15,14,0,9,8,19,13,0,0,4,3,0,0,0,0
13,0,0,0,14,0,0,2,0,3,20,0,0,12,0,0,7,16,0,0
0,14,19,0,11,18,0,4,17,15,6,3,0,16,0,10,0,12,8,0
0,0,0,0,7,0,12,13,1,0,0,0,10,0,0,14,6,0,0,0
0,6,0,1,0,4,16,15,0,20,11,18,0,2,19,7,0,0,0,9
0,0,0,0,16,0,0,6,7,0,1,12,0,8,17,0,15,19,13,0
0,0,0,0,8,1,19,0,11,6,0,0,0,14,12,13,0,0,16,0
12,4,0,7,0,0,0,17,0,0,0,9,0,19,15,11,13,14,20,10
0,19,8,13,5,0,20,7,12,2,14,0,0,4,0,0,0,0,0,18
18,16,0,17,20,12,0,11,0,13,8,7,15,0,0,5,0,0,0,0
0,0,0,5,0,0,0,18,9,0,19,0,7,11,4,0,0,1,6,0
13,0,0,0,14,19,9,0,10,3,0,15,17,0,18,0,7,0,5,0
9,14,19,0,0,0,1,0,17,15,6,0,0,16,2,0,5,0,8,0
15,8,11,18,0,0,12,0,1,16,0,5,0,3,9,14,0,20,0,0
10,0,0,1,0,0,16,0,14,20,0,0,5,2,0,7,17,8,0,9
0,0,0,10,0,2,0,6,0,4,1,12,18,8,0,20,15,19,13,14
7,0,0,0,0,0,0,0,11,0,4,10,0,14,0,0,0,0,16,17
12,0,0,0,0,6,0,0,0,0,16,0,1,0,15,0,0,0,20,0
3,19,8,0,0,0,0,7,12,2,0,0,0,4,0,16,0,0,0,18
0,0,14,0,0,0,10,0,19,0,0,7,15,0,0,0,4,0,2,1
0,20,0,5,0,15,14,0,0,0,0,0,0,11,4,0,0,1,6,12
0,0,4,0,14,19,9,0,0,0,20,15,17,0,0,0,0,0,5,11
9,14,19,20,11,0,1,4,0,0,0,3,0,16,0,0,5,0,0,0
0,0,0,18,7,0,0,13,1,0,0,0,10,0,0,14,0,20,4,19
0,0,12,1,0,4,0,0,14,20,0,0,0,2,0,7,17,0,0,9
5,0,0,10,0,2,0,6,7,0,0,12,0,8,17,20,0,0,0,14
7,2,3,15,8,0,0,5,0,6,4,0,20,0,12,13,0,0,16,0
12,4,0,0,3,6,8,17,18,5,16,0,1,19,15,0,0,0,0,0
0,0,8,0,5,9,20,0,12,0,14,17,6,0,0,16,11,0,15,18
0,0,0,0,20,0,10,11,19,0,0,7,0,9,6,5,0,0,0,1
17,20,16,5,0,15,14,18,9,0,19,13,0,0,4,0,0,1,6,0
13,1,0,6,14,19,0,0,0,0,20,0,0,0,18,0,0,0,5,11
0,14,0,0,0,0,1,4,17,15,0,3,0,16,2,10,0,0,8,0
0,8,11,18,7,0,12,13,0,0,0,0,0,0,9,14,6,20,0,19
10,6,12,0,0,0,16,15,0,0,11,0,5,2,19,7,17,0,0,0
0,0,0,0,16,2,3,0,7,0,0,12,18,8,0,0,15,19,13,0
7,0,3,15,0,1,0,5,0,6,4,0,0,0,0,0,0,0,0,17
12,4,2,0,3,0,0,0,0,5,16,9,1,0,15,11,0,0,0,10
3,0,8,0,0,9,20,0,0,2,0,0,0,4,1,0,0,0,15,0
0,0,14,0,20,0,0,11,19,0,8,0,0,9,6,0,0,3,2,0
0,0,16,0,10,15,0,18,9,8,0,13,7,11,4,3,2,0,6,0
0,1,4,0,0,0,0,0,0,3,0,0,17,12,18,8,0,0,0,0
0,0,0,20,0,0,0,0,17,15,6,0,0,0,0,0,0,0,8,7
0,0,11,0,7,17,0,0,0,0,0,0,0,3,0,0,0,20,4,19
10,0,12,1,13,0,16,0,14,20,11,0,5,2,19,7,0,0,0,9
5,11,0,10,0,2,3,0,7,4,0,12,18,0,17,20,0,19,13,0
7,0,0,15,8,1,19,5,0,6,4,10,0,0,12,13,0,0,0,0
12,0,0,7,0,0,0,0,0,5,16,9,1,19,15,0,13,0,0,0
3,19,0,13,0,9,20,7,12,0,14,0,0,4,0,0,11,10,15,0
0,0,14,0,20,12,0,0,19,13,8,0,15,9,0,0,4,0,2,0
17,0,16,0,10,0,14,0,9,8,19,0,7,11,0,3,0,0,0,12
0,1,0,6,14,0,9,2,0,3,20,0,17,12,0,8,0,0,0,0
9,14,0,0,0,0,1,4,17,0,6,0,0,0,0,10,0,12,0,0
0,8,11,18,0,0,12,13,0,16,0,0,0,3,9,0,0,20,0,0
10,6,0,1,13,0,0,15,0,0,11,0,0,0,19,7,17,8,3,0
5,0,9,10,16,0,3,6,0,4,1,12,0,8,0,20,0,0,13,0
7,2,3,0,0,1,19,5,11,0,0,0,0,14,12,13,18,0,0,0
0,0,2,7,3,0,8,17,18,0,16,0,0,19,0,0,0,0,20,0
0,0,8,13,5,9,0,7,0,0,0,17,0,4,0,16,0,0,0,18
18,0,0,0,0,0,10,0,0,0,0,7,0,0,6,0,0,0,0,0
17,0,0,5,10,0,0,18,9,8,19,13,0,0,4,0,2,1,6,12
13,0,4,0,0,0,0,0,10,0,20,0,17,12,0,8,0,16,5,0
9,14,19,0,11,0,0,4,0,0,6,3,0,0,0,0,5,0,8,7
0,0,0,0,7,0,0,0,0,0,2,5,10,3,9,0,6,0,4,0
0,6,0,1,0,0,0,15,0,20,11,18,5,0,0,7,17,0,3,0
0,11,0,0,0,2,0,6,0,4,1,0,18,0,17,20,0,19,13,0
7,2,3,15,0,0,19,5,0,6,4,0,20,14,12,0,0,0,16,17
0,0,0,0,3,6,8,0,18,5,16,9,1,19,0,0,13,14,20,0
3,19,8,0,5,9,0,0,0,2,0,17,6,4,1,0,0,0,15,0
18,16,14,17,0,12,10,0,19,0,0,0,15,0,0,5,4,0,2,1
17,0,16,5,10,15,0,0,9,8,0,0,0,11,4,3,2,0,0,0
13,1,4,0,14,0,9,0,0,0,0,0,17,12,18,0,7,16,5,0
9,14,0,20,0,18,1,0,17,15,0,3,0,16,2,0,0,12,8,7
15,8,11,18,7,0,12,0,1,0,0,5,10,0,9,0,6,0,0,0
0,0,0,1,0,4,16,15,0,0,0,0,5,0,0,7,17,0,3,0
0,0,0,10,16,2,0,6,0,0,1,0,0,0,0,20,15,0,13,0
7,0,0,0,0,0,0,0,11,0,0,0,0,14,0,0,18,0,0,0
12,4,2,0,3,6,0,17,0,0,16,0,1,0,0,0,0,0,0,10
3,19,0,0,5,9,20,7,0,2,14,17,0,0,1,16,11,10,0,0
0,0,0,17,0,12,10,11,19,13,0,7,0,9,0,0,0,0,0,0
0,0,16,0,0,0,14,0,9,0,19,13,7,11,4,0,0,1,0,12
0,0,4,6,14,0,0,2,10,3,0,15,17,12,18,0,0,0,0,11
0,14,19,20,0,18,1,0,0,15,0,0,13,0,2,10,0,0,0,7
0,0,0,18,0,0,12,0,1,16,2,0,10,3,0,14,6,20,4,19
10,0,12,0,13,4,16,0,14,20,0,18,5,2,0,7,17,0,0,9
5,0,9,0,0,2,0,6,0,4,1,0,0,0,0,0,0,0,13,0
0,0,3,0,0,1,19,0,0,0,4,0,0,14,12,0,18,0,0,0
0,4,2,0,0,6,8,0,0,5,0,0,0,0,15,11,13,14,20,10
0,0,8,0,0,0,20,7,0,0,14,0,6,0,1,16,11,10,15,18
18,16,0,17,0,12,10,0,0,13,8,0,0,9,0,5,4,3,2,0
17,20,0,5,0,15,14,0,0,8,0,13,7,11,4,3,2,1,6,0
0,0,0,6,14,0,0,2,0,0,20,0,17,12,18,0,0,16,0,0
0,14,19,0,11,0,0,4,17,15,0,0,13,16,2,10,0,0,8,7
15,8,11,18,0,0,12,0,1,0,0,5,10,0,0,0,0,20,0,0
0,6,0,0,0,0,0,15,14,0,11,18,5,0,19,7,0,8,0,0
0,0,9,10,0,2,3,0,0,0,1,12,18,0,17,20,0,0,13,0
7,0,3,0,0,1,0,5,0,0,4,10,0,14,12,0,0,0,0,17
12,0,2,0,0,0,8,0,0,0,16,0,1,0,15,11,0,0,20,10
0,19,0,13,0,0,20,7,0,2,14,0,0,0,1,0,0,0,15,0
18,0,0,17,20,0,0,11,19,0,0,7,0,0,6,5,0,0,0,1
0,20,16,5,0,15,0,0,9,8,19,0,0,0,0,3,2,1,6,0
0,1,4,0,0,19,9,0,0,3,20,0,0,0,0,8,0,16,5,0
0,14,0,20,0,0,0,4,0,15,0,3,13,0,2,10,0,12,0,0
15,8,11,18,7,17,12,0,0,0,2,5,10,3,0,0,0,0,0,0
0,0,12,1,0,0,0,0,14,20,11,18,5,0,0,0,17,0,3,0
0,11,0,0,0,2,3,0,7,4,0,12,0,8,17,20,0,19,13,0
7,2,3,0,8,1,0,5,11,6,4,10,0,14,12,0,0,9,16,17
12,0,0,0,3,0,0,0,18,0,16,0,1,19,15,0,13,0,0,0
3,0,8,0,0,9,20,7,0,2,0,0,0,4,1,0,0,0,0,0
0,16,0,0,0,12,10,0,0,0,8,7,0,9,0,5,4,0,0,1
17,20,16,5,10,15,0,18,0,0,19,0,7,0,0,3,2,1,6,12
0,0,4,0,14,0,0,2,10,3,0,0,17,0,0,8,0,0,5,11
0,0,19,0,11,18,1,0,0,15,6,0,13,16,0,10,0,12,8,0
0,0,0,18,0,0,12,13,0,16,0,5,10,3,9,0,0,20,0,0
0,6,12,1,0,4,16,0,0,20,11,0,0,0,19,0,0,8,3,9
0,11,9,10,16,0,0,6,0,4,0,0,0,0,0,20,15,19,13,14
0,0,3,0,8,0,19,5,11,6,4,0,20,0,12,0,0,0,16,17
0,0,0,0,3,0,0,0,18,0,0,0,0,19,0,11,0,14,0,0
3,19,0,0,5,0,20,7,0,0,14,0,0,4,0,16,0,10,15,0
0,16,14,17,20,0,0,0,19,13,0,0,15,0,6,5,4,0,0,1
17,0,0,5,0,15,14,0,0,8,19,0,7,11,0,3,2,1,6,12
0,1,0,0,14,0,9,0,0,3,0,15,0,0,18,0,0,0,5,0
9,0,0,0,0,18,0,4,17,15,0,3,13,0,2,10,0,0,0,0
15,8,11,0,0,0,12,13,0,0,2,0,10,0,9,14,0,0,0,19
10,0,0,1,13,4,0,15,14,20,0,18,0,2,0,7,0,0,0,9
0,11,9,10,16,0,3,0,0,0,1,0,0,0,0,0,15,0,13,0
7,0,0,15,8,1,19,5,0,6,0,10,0,0,0,0,0,0,0,0
0,4,2,0,3,0,8,0,0,0,16,0,1,19,15,11,13,14,20,0
3,19,0,0,5,0,0,0,12,2,14,17,0,0,1,16,0,10,15,0
