8,7,6,5,4,3,2,1
6,5,4,3,1,2,7,8
2,1,8,7,5,6,3,4
3,4,1,2,7,8,5,6
8,7,6,5,4,3,2,1
6,5,4,3,1,2,7,8
2,1,8,7,5,6,3,4
3,4,1,2,7,8,5,6
8,7,6,5,4,3,2,1
6,5,4,3,1,2,7,8
2,1,8,7,5,6,3,4
3,4,1,2,7,8,5,6
8,7,6,5,4,3,2,1
6,5,4,3,1,2,7,8
2,1,8,7,5,6,3,4
3,4,1,2,7,8,5,6
8,7,6,5,4,3,2,1
6,5,4,3,1,2,7,8
2,1,8,7,5,6,3,4
3,4,1,2,7,8,5,6
8,7,6,5,4,3,2,1
6,5,4,3,1,2,7,8
2,1,8,7,5,6,3,4
3,4,1,2,7,8,5,6
8,7,6,5,4,3,2,1
6,5,4,3,1,2,7,8
2,1,8,7,5,6,3,4
3,4,1,2,7,8,5,6
8,7,6,5,4,3,2,1
6,5,4,3,1,2,7,8
2,1,8,7,5,6,3,4
3,4,1,2,7,8,5,6
8,7,6,5,4,3,2,1
6,5,4,3,1,2,7,8
2,1,8,7,5,6,3,4
3,4,1,2,7,8,5,6
8,7,6,5,4,3,2,1
6,5,4,3,1,2,7,8
2,1,8,7,5,6,3,4
3,4,1,2,7,8,5,6
8,7,6,5,4,3,2,1
6,5,4,3,1,2,7,8
2,1,8,7,5,6,3,4
3,4,1,2,7,8,5,6
8,7,6,5,4,3,2,1
6,5,4,3,1,2,7,8
2,1,8,7,5,6,3,4
3,4,1,2,7,8,5,6
8,7,6,5,4,3,2,1
6,5,4,3,1,2,7,8
2,1,8,7,5,6,3,4
3,4,1,2,7,8,5,6
8,7,6,5,4,3,2,1
6,5,4,3,1,2,7,8
2,1,8,7,5,6,3,4
3,4,1,2,7,8,5,6
8,7,6,5,4,3,2,1
6,5,4,3,1,2,7,8
2,1,8,7,5,6,3,4
3,4,1,2,7,8,5,6
8,7,6,5,4,3,2,1
6,5,4,3,1,2,7,8
2,1,8,7,5,6,3,4
3,4,1,2,7,8,5,6
8,7,6,5,4,3,2,1
6,5,4,3,1,2,7,8
2,1,8,7,5,6,3,4
3,4,1,2,7,8,5,6
8,7,6,5,4,3,2,1
6,5,4,3,1,2,7,8
2,1,8,7,5,6,3,4
3,4,1,2,7,8,5,6
8,7,6,5,4,3,2,1
6,5,4,3,1,2,7,8
2,1,8,7,5,6,3,4
3,4,1,2,7,8,5,6
8,7,6,5,4,3,2,1
6,5,4,3,1,2,7,8
2,1,8,7,5,6,3,4
3,4,1,2,7,8,5,6
8,7,6,5,4,3,2,1
6,5,4,3,1,2,7,8
2,1,8,7,5,6,3,4
3,4,1,2,7,8,5,6
8,7,6,5,4,3,2,1
6,5,4,3,1,2,7,8
2,1,8,7,5,6,3,4
3,4,1,2,7,8,5,6
8,7,6,5,4,3,2,1
6,5,4,3,1,2,7,8
2,1,8,7,5,6,3,4
3,4,1,2,7,8,5,6
8,7,6,5,4,3,2,1
6,5,4,3,1,2,7,8
2,1,8,7,5,6,3,4
3,4,1,2,7,8,5,6
8,7,6,5,4,3,2,1
6,5,4,3,1,2,7,8
2,1,8,7,5,6,3,4
3,4,1,2,7,8,5,6
8,7,6,5,4,3,2,1
6,5,4,3,1,2,7,8
2,1,8,7,5,6,3,4
3,4,1,2,7,8,5,6
8,7,6,5,4,3,2,1
6,5,4,3,1,2,7,8
2,1,8,7,5,6,3,4
3,4,1,2,7,8,5,6
8,7,6,5,4,3,2,1
6,5,4,3,1,2,7,8
2,1,8,7,5,6,3,4
3,4,1,2,7,8,5,6
8,7,6,5,4,3,2,1
6,5,4,3,1,2,7,8
2,1,8,7,5,6,3,4
3,4,1,2,7,8,5,6
8,7,6,5,4,3,2,1
6,5,4,3,1,2,7,8
2,1,8,7,5,6,3,4
3,4,1,2,7,8,5,6
8,7,6,5,4,3,2,1
6,5,4,3,1,2,7,8
2,1,8,7,5,6,3,4
3,4,1,2,7,8,5,6
8,7,6,5,4,3,2,1
6,5,4,3,1,2,7,8
2,1,8,7,5,6,3,4
3,4,1,2,7,8,5,6
8,7,6,5,4,3,2,1
6,5,4,3,1,2,7,8
2,1,8,7,5,6,3,4
3,4,1,2,7,8,5,6
8,7,6,5,4,3,2,1
6,5,4,3,1,2,7,8
2,1,8,7,5,6,3,4
3,4,1,2,7,8,5,6
8,7,6,5,4,3,2,1
6,5,4,3,1,2,7,8
2,1,8,7,5,6,3,4
3,4,1,2,7,8,5,6
8,7,6,5,4,3,2,1
6,5,4,3,1,2,7,8
2,1,8,7,5,6,3,4
3,4,1,2,7,8,5,6
8,7,6,5,4,3,2,1
6,5,4,3,1,2,7,8
2,1,8,7,5,6,3,4
3,4,1,2,7,8,5,6
8,7,6,5,4,3,2,1
6,5,4,3,1,2,7,8
2,1,8,7,5,6,3,4
3,4,1,2,7,8,5,6
8,7,6,5,4,3,2,1
6,5,4,3,1,2,7,8
2,1,8,7,5,6,3,4
3,4,1,2,7,8,5,6
8,7,6,5,4,3,2,1
6,5,4,3,1,2,7,8
2,1,8,7,5,6,3,4
3,4,1,2,7,8,5,6
8,7,6,5,4,3,2,1
6,5,4,3,1,2,7,8
2,1,8,7,5,6,3,4
3,4,1,2,7,8,5,6
8,7,6,5,4,3,2,1
6,5,4,3,1,2,7,8
2,1,8,7,5,6,3,4
3,4,1,2,7,8,5,6
8,7,6,5,4,3,2,1
6,5,4,3,1,2,7,8
2,1,8,7,5,6,3,4
3,4,1,2,7,8,5,6
8,7,6,5,4,3,2,1
6,5,4,3,1,2,7,8
2,1,8,7,5,6,3,4
3,4,1,2,7,8,5,6
8,7,6,5,4,3,2,1
6,5,4,3,1,2,7,8
2,1,8,7,5,6,3,4
3,4,1,2,7,8,5,6
8,7,6,5,4,3,2,1
6,5,4,3,1,2,7,8
2,1,8,7,5,6,3,4
3,4,1,2,7,8,5,6
8,7,6,5,4,3,2,1
6,5,4,3,1,2,7,8
2,1,8,7,5,6,3,4
3,4,1,2,7,8,5,6
8,7,6,5,4,3,2,1
6,5,4,3,1,2,7,8
2,1,8,7,5,6,3,4
3,4,1,2,7,8,5,6
8,7,6,5,4,3,2,1
6,5,4,3,1,2,7,8
2,1,8,7,5,6,3,4
3,4,1,2,7,8,5,6
