16,15,14,13,12,11,10,9,8,7,6,5,4,2,1,3
3,10,12,1,8,2,14,4,16,15,9,13,7,11,6,5
8,7,4,5,16,3,6,13,14,1,2,11,12,15,10,9
6,9,2,11,1,15,7,5,4,10,12,3,16,8,13,14
15,3,5,8,11,9,2,12,10,13,7,1,14,6,4,16
14,2,13,9,10,6,4,1,15,3,16,8,5,12,7,11
7,6,1,16,5,14,3,8,11,9,4,12,15,13,2,10
11,12,10,4,15,7,13,16,6,2,5,14,1,9,3,8
12,5,6,14,13,16,1,15,2,4,3,9,8,10,11,7
10,4,11,7,6,8,5,2,12,16,1,15,9,3,14,13
1,13,8,3,7,12,9,10,5,14,11,6,2,4,16,15
9,16,15,2,14,4,11,3,13,8,10,7,6,5,12,1
13,11,9,6,4,10,16,14,7,5,15,2,3,1,8,12
4,14,3,15,9,13,12,11,1,6,8,16,10,7,5,2
2,1,16,10,3,5,8,7,9,12,13,4,11,14,15,6
5,8,7,12,2,1,15,6,3,11,14,10,13,16,9,4
16,15,14,13,12,11,10,9,8,7,6,5,4,2,1,3
3,10,12,1,8,2,14,4,16,15,9,13,7,11,6,5
8,7,4,5,16,3,6,13,14,1,2,11,12,15,10,9
6,9,2,11,1,15,7,5,4,10,12,3,16,8,13,14
15,3,5,8,11,9,2,12,10,13,7,1,14,6,4,16
14,2,13,9,10,6,4,1,15,3,16,8,5,12,7,11
7,6,1,16,5,14,3,8,11,9,4,12,15,13,2,10
11,12,10,4,15,7,13,16,6,2,5,14,1,9,3,8
12,5,6,14,13,16,1,15,2,4,3,9,8,10,11,7
10,4,11,7,6,8,5,2,12,16,1,15,9,3,14,13
1,13,8,3,7,12,9,10,5,14,11,6,2,4,16,15
9,16,15,2,14,4,11,3,13,8,10,7,6,5,12,1
13,11,9,6,4,10,16,14,7,5,15,2,3,1,8,12
4,14,3,15,9,13,12,11,1,6,8,16,10,7,5,2
2,1,16,10,3,5,8,7,9,12,13,4,11,14,15,6
5,8,7,12,2,1,15,6,3,11,14,10,13,16,9,4
16,15,14,13,12,11,10,9,8,7,6,5,4,2,1,3
3,10,12,1,8,2,14,4,16,15,9,13,7,11,6,5
8,7,4,5,16,3,6,13,14,1,2,11,12,15,10,9
6,9,2,11,1,15,7,5,4,10,12,3,16,8,13,14
15,3,5,8,11,9,2,12,10,13,7,1,14,6,4,16
14,2,13,9,10,6,4,1,15,3,16,8,5,12,7,11
7,6,1,16,5,14,3,8,11,9,4,12,15,13,2,10
11,12,10,4,15,7,13,16,6,2,5,14,1,9,3,8
12,5,6,14,13,16,1,15,2,4,3,9,8,10,11,7
10,4,11,7,6,8,5,2,12,16,1,15,9,3,14,13
1,13,8,3,7,12,9,10,5,14,11,6,2,4,16,15
9,16,15,2,14,4,11,3,13,8,10,7,6,5,12,1
13,11,9,6,4,10,16,14,7,5,15,2,3,1,8,12
4,14,3,15,9,13,12,11,1,6,8,16,10,7,5,2
2,1,16,10,3,5,8,7,9,12,13,4,11,14,15,6
5,8,7,12,2,1,15,6,3,11,14,10,13,16,9,4
16,15,14,13,12,11,10,9,8,7,6,5,4,2,1,3
3,10,12,1,8,2,14,4,16,15,9,13,7,11,6,5
8,7,4,5,16,3,6,13,14,1,2,11,12,15,10,9
6,9,2,11,1,15,7,5,4,10,12,3,16,8,13,14
15,3,5,8,11,9,2,12,10,13,7,1,14,6,4,16
14,2,13,9,10,6,4,1,15,3,16,8,5,12,7,11
7,6,1,16,5,14,3,8,11,9,4,12,15,13,2,10
11,12,10,4,15,7,13,16,6,2,5,14,1,9,3,8
12,5,6,14,13,16,1,15,2,4,3,9,8,10,11,7
10,4,11,7,6,8,5,2,12,16,1,15,9,3,14,13
1,13,8,3,7,12,9,10,5,14,11,6,2,4,16,15
9,16,15,2,14,4,11,3,13,8,10,7,6,5,12,1
13,11,9,6,4,10,16,14,7,5,15,2,3,1,8,12
4,14,3,15,9,13,12,11,1,6,8,16,10,7,5,2
2,1,16,10,3,5,8,7,9,12,13,4,11,14,15,6
5,8,7,12,2,1,15,6,3,11,14,10,13,16,9,4
16,15,14,13,12,11,10,9,8,7,6,5,4,2,1,3
3,10,12,1,8,2,14,4,16,15,9,13,7,11,6,5
8,7,4,5,16,3,6,13,14,1,2,11,12,15,10,9
6,9,2,11,1,15,7,5,4,10,12,3,16,8,13,14
15,3,5,8,11,9,2,12,10,13,7,1,14,6,4,16
14,2,13,9,10,6,4,1,15,3,16,8,5,12,7,11
7,6,1,16,5,14,3,8,11,9,4,12,15,13,2,10
11,12,10,4,15,7,13,16,6,2,5,14,1,9,3,8
12,5,6,14,13,16,1,15,2,4,3,9,8,10,11,7
10,4,11,7,6,8,5,2,12,16,1,15,9,3,14,13
1,13,8,3,7,12,9,10,5,14,11,6,2,4,16,15
9,16,15,2,14,4,11,3,13,8,10,7,6,5,12,1
13,11,9,6,4,10,16,14,7,5,15,2,3,1,8,12
4,14,3,15,9,13,12,11,1,6,8,16,10,7,5,2
2,1,16,10,3,5,8,7,9,12,13,4,11,14,15,6
5,8,7,12,2,1,15,6,3,11,14,10,13,16,9,4
16,15,14,13,12,11,10,9,8,7,6,5,4,2,1,3
3,10,12,1,8,2,14,4,16,15,9,13,7,11,6,5
8,7,4,5,16,3,6,13,14,1,2,11,12,15,10,9
6,9,2,11,1,15,7,5,4,10,12,3,16,8,13,14
15,3,5,8,11,9,2,12,10,13,7,1,14,6,4,16
14,2,13,9,10,6,4,1,15,3,16,8,5,12,7,11
7,6,1,16,5,14,3,8,11,9,4,12,15,13,2,10
11,12,10,4,15,7,13,16,6,2,5,14,1,9,3,8
12,5,6,14,13,16,1,15,2,4,3,9,8,10,11,7
10,4,11,7,6,8,5,2,12,16,1,15,9,3,14,13
1,13,8,3,7,12,9,10,5,14,11,6,2,4,16,15
9,16,15,2,14,4,11,3,13,8,10,7,6,5,12,1
13,11,9,6,4,10,16,14,7,5,15,2,3,1,8,12
4,14,3,15,9,13,12,11,1,6,8,16,10,7,5,2
2,1,16,10,3,5,8,7,9,12,13,4,11,14,15,6
5,8,7,12,2,1,15,6,3,11,14,10,13,16,9,4
16,15,14,13,12,11,10,9,8,7,6,5,4,2,1,3
3,10,12,1,8,2,14,4,16,15,9,13,7,11,6,5
8,7,4,5,16,3,6,13,14,1,2,11,12,15,10,9
6,9,2,11,1,15,7,5,4,10,12,3,16,8,13,14
15,3,5,8,11,9,2,12,10,13,7,1,14,6,4,16
14,2,13,9,10,6,4,1,15,3,16,8,5,12,7,11
7,6,1,16,5,14,3,8,11,9,4,12,15,13,2,10
11,12,10,4,15,7,13,16,6,2,5,14,1,9,3,8
12,5,6,14,13,16,1,15,2,4,3,9,8,10,11,7
10,4,11,7,6,8,5,2,12,16,1,15,9,3,14,13
1,13,8,3,7,12,9,10,5,14,11,6,2,4,16,15
9,16,15,2,14,4,11,3,13,8,10,7,6,5,12,1
13,11,9,6,4,10,16,14,7,5,15,2,3,1,8,12
4,14,3,15,9,13,12,11,1,6,8,16,10,7,5,2
2,1,16,10,3,5,8,7,9,12,13,4,11,14,15,6
5,8,7,12,2,1,15,6,3,11,14,10,13,16,9,4
16,15,14,13,12,11,10,9,8,7,6,5,4,2,1,3
3,10,12,1,8,2,14,4,16,15,9,13,7,11,6,5
8,7,4,5,16,3,6,13,14,1,2,11,12,15,10,9
6,9,2,11,1,15,7,5,4,10,12,3,16,8,13,14
15,3,5,8,11,9,2,12,10,13,7,1,14,6,4,16
14,2,13,9,10,6,4,1,15,3,16,8,5,12,7,11
7,6,1,16,5,14,3,8,11,9,4,12,15,13,2,10
11,12,10,4,15,7,13,16,6,2,5,14,1,9,3,8
12,5,6,14,13,16,1,15,2,4,3,9,8,10,11,7
10,4,11,7,6,8,5,2,12,16,1,15,9,3,14,13
1,13,8,3,7,12,9,10,5,14,11,6,2,4,16,15
9,16,15,2,14,4,11,3,13,8,10,7,6,5,12,1
13,11,9,6,4,10,16,14,7,5,15,2,3,1,8,12
4,14,3,15,9,13,12,11,1,6,8,16,10,7,5,2
2,1,16,10,3,5,8,7,9,12,13,4,11,14,15,6
5,8,7,12,2,1,15,6,3,11,14,10,13,16,9,4
16,15,14,13,12,11,10,9,8,7,6,5,4,2,1,3
3,10,12,1,8,2,14,4,16,15,9,13,7,11,6,5
8,7,4,5,16,3,6,13,14,1,2,11,12,15,10,9
6,9,2,11,1,15,7,5,4,10,12,3,16,8,13,14
15,3,5,8,11,9,2,12,10,13,7,1,14,6,4,16
14,2,13,9,10,6,4,1,15,3,16,8,5,12,7,11
7,6,1,16,5,14,3,8,11,9,4,12,15,13,2,10
11,12,10,4,15,7,13,16,6,2,5,14,1,9,3,8
12,5,6,14,13,16,1,15,2,4,3,9,8,10,11,7
10,4,11,7,6,8,5,2,12,16,1,15,9,3,14,13
1,13,8,3,7,12,9,10,5,14,11,6,2,4,16,15
9,16,15,2,14,4,11,3,13,8,10,7,6,5,12,1
13,11,9,6,4,10,16,14,7,5,15,2,3,1,8,12
4,14,3,15,9,13,12,11,1,6,8,16,10,7,5,2
2,1,16,10,3,5,8,7,9,12,13,4,11,14,15,6
5,8,7,12,2,1,15,6,3,11,14,10,13,16,9,4
16,15,14,13,12,11,10,9,8,7,6,5,4,2,1,3
3,10,12,1,8,2,14,4,16,15,9,13,7,11,6,5
8,7,4,5,16,3,6,13,14,1,2,11,12,15,10,9
6,9,2,11,1,15,7,5,4,10,12,3,16,8,13,14
15,3,5,8,11,9,2,12,10,13,7,1,14,6,4,16
14,2,13,9,10,6,4,1,15,3,16,8,5,12,7,11
7,6,1,16,5,14,3,8,11,9,4,12,15,13,2,10
11,12,10,4,15,7,13,16,6,2,5,14,1,9,3,8
12,5,6,14,13,16,1,15,2,4,3,9,8,10,11,7
10,4,11,7,6,8,5,2,12,16,1,15,9,3,14,13
1,13,8,3,7,12,9,10,5,14,11,6,2,4,16,15
9,16,15,2,14,4,11,3,13,8,10,7,6,5,12,1
13,11,9,6,4,10,16,14,7,5,15,2,3,1,8,12
4,14,3,15,9,13,12,11,1,6,8,16,10,7,5,2
2,1,16,10,3,5,8,7,9,12,13,4,11,14,15,6
5,8,7,12,2,1,15,6,3,11,14,10,13,16,9,4
16,15,14,13,12,11,10,9,8,7,6,5,4,2,1,3
3,10,12,1,8,2,14,4,16,15,9,13,7,11,6,5
8,7,4,5,16,3,6,13,14,1,2,11,12,15,10,9
6,9,2,11,1,15,7,5,4,10,12,3,16,8,13,14
15,3,5,8,11,9,2,12,10,13,7,1,14,6,4,16
14,2,13,9,10,6,4,1,15,3,16,8,5,12,7,11
7,6,1,16,5,14,3,8,11,9,4,12,15,13,2,10
11,12,10,4,15,7,13,16,6,2,5,14,1,9,3,8
12,5,6,14,13,16,1,15,2,4,3,9,8,10,11,7
10,4,11,7,6,8,5,2,12,16,1,15,9,3,14,13
1,13,8,3,7,12,9,10,5,14,11,6,2,4,16,15
9,16,15,2,14,4,11,3,13,8,10,7,6,5,12,1
13,11,9,6,4,10,16,14,7,5,15,2,3,1,8,12
4,14,3,15,9,13,12,11,1,6,8,16,10,7,5,2
2,1,16,10,3,5,8,7,9,12,13,4,11,14,15,6
5,8,7,12,2,1,15,6,3,11,14,10,13,16,9,4
16,15,14,13,12,11,10,9,8,7,6,5,4,2,1,3
3,10,12,1,8,2,14,4,16,15,9,13,7,11,6,5
8,7,4,5,16,3,6,13,14,1,2,11,12,15,10,9
6,9,2,11,1,15,7,5,4,10,12,3,16,8,13,14
15,3,5,8,11,9,2,12,10,13,7,1,14,6,4,16
14,2,13,9,10,6,4,1,15,3,16,8,5,12,7,11
7,6,1,16,5,14,3,8,11,9,4,12,15,13,2,10
11,12,10,4,15,7,13,16,6,2,5,14,1,9,3,8
12,5,6,14,13,16,1,15,2,4,3,9,8,10,11,7
10,4,11,7,6,8,5,2,12,16,1,15,9,3,14,13
1,13,8,3,7,12,9,10,5,14,11,6,2,4,16,15
9,16,15,2,14,4,11,3,13,8,10,7,6,5,12,1
13,11,9,6,4,10,16,14,7,5,15,2,3,1,8,12
4,14,3,15,9,13,12,11,1,6,8,16,10,7,5,2
2,1,16,10,3,5,8,7,9,12,13,4,11,14,15,6
5,8,7,12,2,1,15,6,3,11,14,10,13,16,9,4
16,15,14,13,12,11,10,9,8,7,6,5,4,2,1,3
3,10,12,1,8,2,14,4,16,15,9,13,7,11,6,5
8,7,4,5,16,3,6,13,14,1,2,11,12,15,10,9
6,9,2,11,1,15,7,5,4,10,12,3,16,8,13,14
15,3,5,8,11,9,2,12,10,13,7,1,14,6,4,16
14,2,13,9,10,6,4,1,15,3,16,8,5,12,7,11
7,6,1,16,5,14,3,8,11,9,4,12,15,13,2,10
11,12,10,4,15,7,13,16,6,2,5,14,1,9,3,8
12,5,6,14,13,16,1,15,2,4,3,9,8,10,11,7
10,4,11,7,6,8,5,2,12,16,1,15,9,3,14,13
1,13,8,3,7,12,9,10,5,14,11,6,2,4,16,15
9,16,15,2,14,4,11,3,13,8,10,7,6,5,12,1
13,11,9,6,4,10,16,14,7,5,15,2,3,1,8,12
4,14,3,15,9,13,12,11,1,6,8,16,10,7,5,2
2,1,16,10,3,5,8,7,9,12,13,4,11,14,15,6
5,8,7,12,2,1,15,6,3,11,14,10,13,16,9,4
16,15,14,13,12,11,10,9,8,7,6,5,4,2,1,3
3,10,12,1,8,2,14,4,16,15,9,13,7,11,6,5
8,7,4,5,16,3,6,13,14,1,2,11,12,15,10,9
6,9,2,11,1,15,7,5,4,10,12,3,16,8,13,14
15,3,5,8,11,9,2,12,10,13,7,1,14,6,4,16
14,2,13,9,10,6,4,1,15,3,16,8,5,12,7,11
7,6,1,16,5,14,3,8,11,9,4,12,15,13,2,10
11,12,10,4,15,7,13,16,6,2,5,14,1,9,3,8
12,5,6,14,13,16,1,15,2,4,3,9,8,10,11,7
10,4,11,7,6,8,5,2,12,16,1,15,9,3,14,13
1,13,8,3,7,12,9,10,5,14,11,6,2,4,16,15
9,16,15,2,14,4,11,3,13,8,10,7,6,5,12,1
13,11,9,6,4,10,16,14,7,5,15,2,3,1,8,12
4,14,3,15,9,13,12,11,1,6,8,16,10,7,5,2
2,1,16,10,3,5,8,7,9,12,13,4,11,14,15,6
5,8,7,12,2,1,15,6,3,11,14,10,13,16,9,4
16,15,14,13,12,11,10,9,8,7,6,5,4,2,1,3
3,10,12,1,8,2,14,4,16,15,9,13,7,11,6,5
8,7,4,5,16,3,6,13,14,1,2,11,12,15,10,9
6,9,2,11,1,15,7,5,4,10,12,3,16,8,13,14
15,3,5,8,11,9,2,12,10,13,7,1,14,6,4,16
14,2,13,9,10,6,4,1,15,3,16,8,5,12,7,11
7,6,1,16,5,14,3,8,11,9,4,12,15,13,2,10
11,12,10,4,15,7,13,16,6,2,5,14,1,9,3,8
12,5,6,14,13,16,1,15,2,4,3,9,8,10,11,7
10,4,11,7,6,8,5,2,12,16,1,15,9,3,14,13
1,13,8,3,7,12,9,10,5,14,11,6,2,4,16,15
9,16,15,2,14,4,11,3,13,8,10,7,6,5,12,1
13,11,9,6,4,10,16,14,7,5,15,2,3,1,8,12
4,14,3,15,9,13,12,11,1,6,8,16,10,7,5,2
2,1,16,10,3,5,8,7,9,12,13,4,11,14,15,6
5,8,7,12,2,1,15,6,3,11,14,10,13,16,9,4
16,15,14,13,12,11,10,9,8,7,6,5,4,2,1,3
3,10,12,1,8,2,14,4,16,15,9,13,7,11,6,5
8,7,4,5,16,3,6,13,14,1,2,11,12,15,10,9
6,9,2,11,1,15,7,5,4,10,12,3,16,8,13,14
15,3,5,8,11,9,2,12,10,13,7,1,14,6,4,16
14,2,13,9,10,6,4,1,15,3,16,8,5,12,7,11
7,6,1,16,5,14,3,8,11,9,4,12,15,13,2,10
11,12,10,4,15,7,13,16,6,2,5,14,1,9,3,8
12,5,6,14,13,16,1,15,2,4,3,9,8,10,11,7
10,4,11,7,6,8,5,2,12,16,1,15,9,3,14,13
1,13,8,3,7,12,9,10,5,14,11,6,2,4,16,15
9,16,15,2,14,4,11,3,13,8,10,7,6,5,12,1
13,11,9,6,4,10,16,14,7,5,15,2,3,1,8,12
4,14,3,15,9,13,12,11,1,6,8,16,10,7,5,2
2,1,16,10,3,5,8,7,9,12,13,4,11,14,15,6
5,8,7,12,2,1,15,6,3,11,14,10,13,16,9,4
16,15,14,13,12,11,10,9,8,7,6,5,4,2,1,3
3,10,12,1,8,2,14,4,16,15,9,13,7,11,6,5
8,7,4,5,16,3,6,13,14,1,2,11,12,15,10,9
6,9,2,11,1,15,7,5,4,10,12,3,16,8,13,14
15,3,5,8,11,9,2,12,10,13,7,1,14,6,4,16
14,2,13,9,10,6,4,1,15,3,16,8,5,12,7,11
7,6,1,16,5,14,3,8,11,9,4,12,15,13,2,10
11,12,10,4,15,7,13,16,6,2,5,14,1,9,3,8
12,5,6,14,13,16,1,15,2,4,3,9,8,10,11,7
10,4,11,7,6,8,5,2,12,16,1,15,9,3,14,13
1,13,8,3,7,12,9,10,5,14,11,6,2,4,16,15
9,16,15,2,14,4,11,3,13,8,10,7,6,5,12,1
13,11,9,6,4,10,16,14,7,5,15,2,3,1,8,12
4,14,3,15,9,13,12,11,1,6,8,16,10,7,5,2
2,1,16,10,3,5,8,7,9,12,13,4,11,14,15,6
5,8,7,12,2,1,15,6,3,11,14,10,13,16,9,4
16,15,14,13,12,11,10,9,8,7,6,5,4,2,1,3
3,10,12,1,8,2,14,4,16,15,9,13,7,11,6,5
8,7,4,5,16,3,6,13,14,1,2,11,12,15,10,9
6,9,2,11,1,15,7,5,4,10,12,3,16,8,13,14
15,3,5,8,11,9,2,12,10,13,7,1,14,6,4,16
14,2,13,9,10,6,4,1,15,3,16,8,5,12,7,11
7,6,1,16,5,14,3,8,11,9,4,12,15,13,2,10
11,12,10,4,15,7,13,16,6,2,5,14,1,9,3,8
12,5,6,14,13,16,1,15,2,4,3,9,8,10,11,7
10,4,11,7,6,8,5,2,12,16,1,15,9,3,14,13
1,13,8,3,7,12,9,10,5,14,11,6,2,4,16,15
9,16,15,2,14,4,11,3,13,8,10,7,6,5,12,1
13,11,9,6,4,10,16,14,7,5,15,2,3,1,8,12
4,14,3,15,9,13,12,11,1,6,8,16,10,7,5,2
2,1,16,10,3,5,8,7,9,12,13,4,11,14,15,6
5,8,7,12,2,1,15,6,3,11,14,10,13,16,9,4
16,15,14,13,12,11,10,9,8,7,6,5,4,2,1,3
3,10,12,1,8,2,14,4,16,15,9,13,7,11,6,5
8,7,4,5,16,3,6,13,14,1,2,11,12,15,10,9
6,9,2,11,1,15,7,5,4,10,12,3,16,8,13,14
15,3,5,8,11,9,2,12,10,13,7,1,14,6,4,16
14,2,13,9,10,6,4,1,15,3,16,8,5,12,7,11
7,6,1,16,5,14,3,8,11,9,4,12,15,13,2,10
11,12,10,4,15,7,13,16,6,2,5,14,1,9,3,8
12,5,6,14,13,16,1,15,2,4,3,9,8,10,11,7
10,4,11,7,6,8,5,2,12,16,1,15,9,3,14,13
1,13,8,3,7,12,9,10,5,14,11,6,2,4,16,15
9,16,15,2,14,4,11,3,13,8,10,7,6,5,12,1
13,11,9,6,4,10,16,14,7,5,15,2,3,1,8,12
4,14,3,15,9,13,12,11,1,6,8,16,10,7,5,2
2,1,16,10,3,5,8,7,9,12,13,4,11,14,15,6
5,8,7,12,2,1,15,6,3,11,14,10,13,16,9,4
16,15,14,13,12,11,10,9,8,7,6,5,4,2,1,3
3,10,12,1,8,2,14,4,16,15,9,13,7,11,6,5
8,7,4,5,16,3,6,13,14,1,2,11,12,15,10,9
6,9,2,11,1,15,7,5,4,10,12,3,16,8,13,14
15,3,5,8,11,9,2,12,10,13,7,1,14,6,4,16
14,2,13,9,10,6,4,1,15,3,16,8,5,12,7,11
7,6,1,16,5,14,3,8,11,9,4,12,15,13,2,10
11,12,10,4,15,7,13,16,6,2,5,14,1,9,3,8
12,5,6,14,13,16,1,15,2,4,3,9,8,10,11,7
10,4,11,7,6,8,5,2,12,16,1,15,9,3,14,13
1,13,8,3,7,12,9,10,5,14,11,6,2,4,16,15
9,16,15,2,14,4,11,3,13,8,10,7,6,5,12,1
13,11,9,6,4,10,16,14,7,5,15,2,3,1,8,12
4,14,3,15,9,13,12,11,1,6,8,16,10,7,5,2
2,1,16,10,3,5,8,7,9,12,13,4,11,14,15,6
5,8,7,12,2,1,15,6,3,11,14,10,13,16,9,4
16,15,14,13,12,11,10,9,8,7,6,5,4,2,1,3
3,10,12,1,8,2,14,4,16,15,9,13,7,11,6,5
8,7,4,5,16,3,6,13,14,1,2,11,12,15,10,9
6,9,2,11,1,15,7,5,4,10,12,3,16,8,13,14
15,3,5,8,11,9,2,12,10,13,7,1,14,6,4,16
14,2,13,9,10,6,4,1,15,3,16,8,5,12,7,11
7,6,1,16,5,14,3,8,11,9,4,12,15,13,2,10
11,12,10,4,15,7,13,16,6,2,5,14,1,9,3,8
12,5,6,14,13,16,1,15,2,4,3,9,8,10,11,7
10,4,11,7,6,8,5,2,12,16,1,15,9,3,14,13
1,13,8,3,7,12,9,10,5,14,11,6,2,4,16,15
9,16,15,2,14,4,11,3,13,8,10,7,6,5,12,1
13,11,9,6,4,10,16,14,7,5,15,2,3,1,8,12
4,14,3,15,9,13,12,11,1,6,8,16,10,7,5,2
2,1,16,10,3,5,8,7,9,12,13,4,11,14,15,6
5,8,7,12,2,1,15,6,3,11,14,10,13,16,9,4
16,15,14,13,12,11,10,9,8,7,6,5,4,2,1,3
3,10,12,1,8,2,14,4,16,15,9,13,7,11,6,5
8,7,4,5,16,3,6,13,14,1,2,11,12,15,10,9
6,9,2,11,1,15,7,5,4,10,12,3,16,8,13,14
15,3,5,8,11,9,2,12,10,13,7,1,14,6,4,16
14,2,13,9,10,6,4,1,15,3,16,8,5,12,7,11
7,6,1,16,5,14,3,8,11,9,4,12,15,13,2,10
11,12,10,4,15,7,13,16,6,2,5,14,1,9,3,8
12,5,6,14,13,16,1,15,2,4,3,9,8,10,11,7
10,4,11,7,6,8,5,2,12,16,1,15,9,3,14,13
1,13,8,3,7,12,9,10,5,14,11,6,2,4,16,15
9,16,15,2,14,4,11,3,13,8,10,7,6,5,12,1
13,11,9,6,4,10,16,14,7,5,15,2,3,1,8,12
4,14,3,15,9,13,12,11,1,6,8,16,10,7,5,2
2,1,16,10,3,5,8,7,9,12,13,4,11,14,15,6
5,8,7,12,2,1,15,6,3,11,14,10,13,16,9,4
16,15,14,13,12,11,10,9,8,7,6,5,4,2,1,3
3,10,12,1,8,2,14,4,16,15,9,13,7,11,6,5
8,7,4,5,16,3,6,13,14,1,2,11,12,15,10,9
6,9,2,11,1,15,7,5,4,10,12,3,16,8,13,14
15,3,5,8,11,9,2,12,10,13,7,1,14,6,4,16
14,2,13,9,10,6,4,1,15,3,16,8,5,12,7,11
7,6,1,16,5,14,3,8,11,9,4,12,15,13,2,10
11,12,10,4,15,7,13,16,6,2,5,14,1,9,3,8
12,5,6,14,13,16,1,15,2,4,3,9,8,10,11,7
10,4,11,7,6,8,5,2,12,16,1,15,9,3,14,13
1,13,8,3,7,12,9,10,5,14,11,6,2,4,16,15
9,16,15,2,14,4,11,3,13,8,10,7,6,5,12,1
13,11,9,6,4,10,16,14,7,5,15,2,3,1,8,12
4,14,3,15,9,13,12,11,1,6,8,16,10,7,5,2
2,1,16,10,3,5,8,7,9,12,13,4,11,14,15,6
5,8,7,12,2,1,15,6,3,11,14,10,13,16,9,4
16,15,14,13,12,11,10,9,8,7,6,5,4,2,1,3
3,10,12,1,8,2,14,4,16,15,9,13,7,11,6,5
8,7,4,5,16,3,6,13,14,1,2,11,12,15,10,9
6,9,2,11,1,15,7,5,4,10,12,3,16,8,13,14
15,3,5,8,11,9,2,12,10,13,7,1,14,6,4,16
14,2,13,9,10,6,4,1,15,3,16,8,5,12,7,11
7,6,1,16,5,14,3,8,11,9,4,12,15,13,2,10
11,12,10,4,15,7,13,16,6,2,5,14,1,9,3,8
12,5,6,14,13,16,1,15,2,4,3,9,8,10,11,7
10,4,11,7,6,8,5,2,12,16,1,15,9,3,14,13
1,13,8,3,7,12,9,10,5,14,11,6,2,4,16,15
9,16,15,2,14,4,11,3,13,8,10,7,6,5,12,1
13,11,9,6,4,10,16,14,7,5,15,2,3,1,8,12
4,14,3,15,9,13,12,11,1,6,8,16,10,7,5,2
2,1,16,10,3,5,8,7,9,12,13,4,11,14,15,6
5,8,7,12,2,1,15,6,3,11,14,10,13,16,9,4
16,15,14,13,12,11,10,9,8,7,6,5,4,2,1,3
3,10,12,1,8,2,14,4,16,15,9,13,7,11,6,5
8,7,4,5,16,3,6,13,14,1,2,11,12,15,10,9
6,9,2,11,1,15,7,5,4,10,12,3,16,8,13,14
15,3,5,8,11,9,2,12,10,13,7,1,14,6,4,16
14,2,13,9,10,6,4,1,15,3,16,8,5,12,7,11
7,6,1,16,5,14,3,8,11,9,4,12,15,13,2,10
11,12,10,4,15,7,13,16,6,2,5,14,1,9,3,8
12,5,6,14,13,16,1,15,2,4,3,9,8,10,11,7
10,4,11,7,6,8,5,2,12,16,1,15,9,3,14,13
1,13,8,3,7,12,9,10,5,14,11,6,2,4,16,15
9,16,15,2,14,4,11,3,13,8,10,7,6,5,12,1
13,11,9,6,4,10,16,14,7,5,15,2,3,1,8,12
4,14,3,15,9,13,12,11,1,6,8,16,10,7,5,2
2,1,16,10,3,5,8,7,9,12,13,4,11,14,15,6
5,8,7,12,2,1,15,6,3,11,14,10,13,16,9,4
16,15,14,13,12,11,10,9,8,7,6,5,4,2,1,3
3,10,12,1,8,2,14,4,16,15,9,13,7,11,6,5
8,7,4,5,16,3,6,13,14,1,2,11,12,15,10,9
6,9,2,11,1,15,7,5,4,10,12,3,16,8,13,14
15,3,5,8,11,9,2,12,10,13,7,1,14,6,4,16
14,2,13,9,10,6,4,1,15,3,16,8,5,12,7,11
7,6,1,16,5,14,3,8,11,9,4,12,15,13,2,10
11,12,10,4,15,7,13,16,6,2,5,14,1,9,3,8
12,5,6,14,13,16,1,15,2,4,3,9,8,10,11,7
10,4,11,7,6,8,5,2,12,16,1,15,9,3,14,13
1,13,8,3,7,12,9,10,5,14,11,6,2,4,16,15
9,16,15,2,14,4,11,3,13,8,10,7,6,5,12,1
13,11,9,6,4,10,16,14,7,5,15,2,3,1,8,12
4,14,3,15,9,13,12,11,1,6,8,16,10,7,5,2
2,1,16,10,3,5,8,7,9,12,13,4,11,14,15,6
5,8,7,12,2,1,15,6,3,11,14,10,13,16,9,4
16,15,14,13,12,11,10,9,8,7,6,5,4,2,1,3
3,10,12,1,8,2,14,4,16,15,9,13,7,11,6,5
8,7,4,5,16,3,6,13,14,1,2,11,12,15,10,9
6,9,2,11,1,15,7,5,4,10,12,3,16,8,13,14
15,3,5,8,11,9,2,12,10,13,7,1,14,6,4,16
14,2,13,9,10,6,4,1,15,3,16,8,5,12,7,11
7,6,1,16,5,14,3,8,11,9,4,12,15,13,2,10
11,12,10,4,15,7,13,16,6,2,5,14,1,9,3,8
12,5,6,14,13,16,1,15,2,4,3,9,8,10,11,7
10,4,11,7,6,8,5,2,12,16,1,15,9,3,14,13
1,13,8,3,7,12,9,10,5,14,11,6,2,4,16,15
9,16,15,2,14,4,11,3,13,8,10,7,6,5,12,1
13,11,9,6,4,10,16,14,7,5,15,2,3,1,8,12
4,14,3,15,9,13,12,11,1,6,8,16,10,7,5,2
2,1,16,10,3,5,8,7,9,12,13,4,11,14,15,6
5,8,7,12,2,1,15,6,3,11,14,10,13,16,9,4
16,15,14,13,12,11,10,9,8,7,6,5,4,2,1,3
3,10,12,1,8,2,14,4,16,15,9,13,7,11,6,5
8,7,4,5,16,3,6,13,14,1,2,11,12,15,10,9
6,9,2,11,1,15,7,5,4,10,12,3,16,8,13,14
15,3,5,8,11,9,2,12,10,13,7,1,14,6,4,16
14,2,13,9,10,6,4,1,15,3,16,8,5,12,7,11
7,6,1,16,5,14,3,8,11,9,4,12,15,13,2,10
11,12,10,4,15,7,13,16,6,2,5,14,1,9,3,8
12,5,6,14,13,16,1,15,2,4,3,9,8,10,11,7
10,4,11,7,6,8,5,2,12,16,1,15,9,3,14,13
1,13,8,3,7,12,9,10,5,14,11,6,2,4,16,15
9,16,15,2,14,4,11,3,13,8,10,7,6,5,12,1
13,11,9,6,4,10,16,14,7,5,15,2,3,1,8,12
4,14,3,15,9,13,12,11,1,6,8,16,10,7,5,2
2,1,16,10,3,5,8,7,9,12,13,4,11,14,15,6
5,8,7,12,2,1,15,6,3,11,14,10,13,16,9,4
16,15,14,13,12,11,10,9,8,7,6,5,4,2,1,3
3,10,12,1,8,2,14,4,16,15,9,13,7,11,6,5
8,7,4,5,16,3,6,13,14,1,2,11,12,15,10,9
6,9,2,11,1,15,7,5,4,10,12,3,16,8,13,14
15,3,5,8,11,9,2,12,10,13,7,1,14,6,4,16
14,2,13,9,10,6,4,1,15,3,16,8,5,12,7,11
7,6,1,16,5,14,3,8,11,9,4,12,15,13,2,10
11,12,10,4,15,7,13,16,6,2,5,14,1,9,3,8
12,5,6,14,13,16,1,15,2,4,3,9,8,10,11,7
10,4,11,7,6,8,5,2,12,16,1,15,9,3,14,13
1,13,8,3,7,12,9,10,5,14,11,6,2,4,16,15
9,16,15,2,14,4,11,3,13,8,10,7,6,5,12,1
13,11,9,6,4,10,16,14,7,5,15,2,3,1,8,12
4,14,3,15,9,13,12,11,1,6,8,16,10,7,5,2
2,1,16,10,3,5,8,7,9,12,13,4,11,14,15,6
5,8,7,12,2,1,15,6,3,11,14,10,13,16,9,4
16,15,14,13,12,11,10,9,8,7,6,5,4,2,1,3
3,10,12,1,8,2,14,4,16,15,9,13,7,11,6,5
8,7,4,5,16,3,6,13,14,1,2,11,12,15,10,9
6,9,2,11,1,15,7,5,4,10,12,3,16,8,13,14
15,3,5,8,11,9,2,12,10,13,7,1,14,6,4,16
14,2,13,9,10,6,4,1,15,3,16,8,5,12,7,11
7,6,1,16,5,14,3,8,11,9,4,12,15,13,2,10
11,12,10,4,15,7,13,16,6,2,5,14,1,9,3,8
12,5,6,14,13,16,1,15,2,4,3,9,8,10,11,7
10,4,11,7,6,8,5,2,12,16,1,15,9,3,14,13
1,13,8,3,7,12,9,10,5,14,11,6,2,4,16,15
9,16,15,2,14,4,11,3,13,8,10,7,6,5,12,1
13,11,9,6,4,10,16,14,7,5,15,2,3,1,8,12
4,14,3,15,9,13,12,11,1,6,8,16,10,7,5,2
2,1,16,10,3,5,8,7,9,12,13,4,11,14,15,6
5,8,7,12,2,1,15,6,3,11,14,10,13,16,9,4
16,15,14,13,12,11,10,9,8,7,6,5,4,2,1,3
3,10,12,1,8,2,14,4,16,15,9,13,7,11,6,5
8,7,4,5,16,3,6,13,14,1,2,11,12,15,10,9
6,9,2,11,1,15,7,5,4,10,12,3,16,8,13,14
15,3,5,8,11,9,2,12,10,13,7,1,14,6,4,16
14,2,13,9,10,6,4,1,15,3,16,8,5,12,7,11
7,6,1,16,5,14,3,8,11,9,4,12,15,13,2,10
11,12,10,4,15,7,13,16,6,2,5,14,1,9,3,8
12,5,6,14,13,16,1,15,2,4,3,9,8,10,11,7
10,4,11,7,6,8,5,2,12,16,1,15,9,3,14,13
1,13,8,3,7,12,9,10,5,14,11,6,2,4,16,15
9,16,15,2,14,4,11,3,13,8,10,7,6,5,12,1
13,11,9,6,4,10,16,14,7,5,15,2,3,1,8,12
4,14,3,15,9,13,12,11,1,6,8,16,10,7,5,2
2,1,16,10,3,5,8,7,9,12,13,4,11,14,15,6
5,8,7,12,2,1,15,6,3,11,14,10,13,16,9,4
16,15,14,13,12,11,10,9,8,7,6,5,4,2,1,3
3,10,12,1,8,2,14,4,16,15,9,13,7,11,6,5
8,7,4,5,16,3,6,13,14,1,2,11,12,15,10,9
6,9,2,11,1,15,7,5,4,10,12,3,16,8,13,14
15,3,5,8,11,9,2,12,10,13,7,1,14,6,4,16
14,2,13,9,10,6,4,1,15,3,16,8,5,12,7,11
7,6,1,16,5,14,3,8,11,9,4,12,15,13,2,10
11,12,10,4,15,7,13,16,6,2,5,14,1,9,3,8
12,5,6,14,13,16,1,15,2,4,3,9,8,10,11,7
10,4,11,7,6,8,5,2,12,16,1,15,9,3,14,13
1,13,8,3,7,12,9,10,5,14,11,6,2,4,16,15
9,16,15,2,14,4,11,3,13,8,10,7,6,5,12,1
13,11,9,6,4,10,16,14,7,5,15,2,3,1,8,12
4,14,3,15,9,13,12,11,1,6,8,16,10,7,5,2
2,1,16,10,3,5,8,7,9,12,13,4,11,14,15,6
5,8,7,12,2,1,15,6,3,11,14,10,13,16,9,4
16,15,14,13,12,11,10,9,8,7,6,5,4,2,1,3
3,10,12,1,8,2,14,4,16,15,9,13,7,11,6,5
8,7,4,5,16,3,6,13,14,1,2,11,12,15,10,9
6,9,2,11,1,15,7,5,4,10,12,3,16,8,13,14
15,3,5,8,11,9,2,12,10,13,7,1,14,6,4,16
14,2,13,9,10,6,4,1,15,3,16,8,5,12,7,11
7,6,1,16,5,14,3,8,11,9,4,12,15,13,2,10
11,12,10,4,15,7,13,16,6,2,5,14,1,9,3,8
12,5,6,14,13,16,1,15,2,4,3,9,8,10,11,7
10,4,11,7,6,8,5,2,12,16,1,15,9,3,14,13
1,13,8,3,7,12,9,10,5,14,11,6,2,4,16,15
9,16,15,2,14,4,11,3,13,8,10,7,6,5,12,1
13,11,9,6,4,10,16,14,7,5,15,2,3,1,8,12
4,14,3,15,9,13,12,11,1,6,8,16,10,7,5,2
2,1,16,10,3,5,8,7,9,12,13,4,11,14,15,6
5,8,7,12,2,1,15,6,3,11,14,10,13,16,9,4
16,15,14,13,12,11,10,9,8,7,6,5,4,2,1,3
3,10,12,1,8,2,14,4,16,15,9,13,7,11,6,5
8,7,4,5,16,3,6,13,14,1,2,11,12,15,10,9
6,9,2,11,1,15,7,5,4,10,12,3,16,8,13,14
15,3,5,8,11,9,2,12,10,13,7,1,14,6,4,16
14,2,13,9,10,6,4,1,15,3,16,8,5,12,7,11
7,6,1,16,5,14,3,8,11,9,4,12,15,13,2,10
11,12,10,4,15,7,13,16,6,2,5,14,1,9,3,8
12,5,6,14,13,16,1,15,2,4,3,9,8,10,11,7
10,4,11,7,6,8,5,2,12,16,1,15,9,3,14,13
1,13,8,3,7,12,9,10,5,14,11,6,2,4,16,15
9,16,15,2,14,4,11,3,13,8,10,7,6,5,12,1
13,11,9,6,4,10,16,14,7,5,15,2,3,1,8,12
4,14,3,15,9,13,12,11,1,6,8,16,10,7,5,2
2,1,16,10,3,5,8,7,9,12,13,4,11,14,15,6
5,8,7,12,2,1,15,6,3,11,14,10,13,16,9,4
16,15,14,13,12,11,10,9,8,7,6,5,4,2,1,3
3,10,12,1,8,2,14,4,16,15,9,13,7,11,6,5
8,7,4,5,16,3,6,13,14,1,2,11,12,15,10,9
6,9,2,11,1,15,7,5,4,10,12,3,16,8,13,14
15,3,5,8,11,9,2,12,10,13,7,1,14,6,4,16
14,2,13,9,10,6,4,1,15,3,16,8,5,12,7,11
7,6,1,16,5,14,3,8,11,9,4,12,15,13,2,10
11,12,10,4,15,7,13,16,6,2,5,14,1,9,3,8
12,5,6,14,13,16,1,15,2,4,3,9,8,10,11,7
10,4,11,7,6,8,5,2,12,16,1,15,9,3,14,13
1,13,8,3,7,12,9,10,5,14,11,6,2,4,16,15
9,16,15,2,14,4,11,3,13,8,10,7,6,5,12,1
13,11,9,6,4,10,16,14,7,5,15,2,3,1,8,12
4,14,3,15,9,13,12,11,1,6,8,16,10,7,5,2
2,1,16,10,3,5,8,7,9,12,13,4,11,14,15,6
5,8,7,12,2,1,15,6,3,11,14,10,13,16,9,4
16,15,14,13,12,11,10,9,8,7,6,5,4,2,1,3
3,10,12,1,8,2,14,4,16,15,9,13,7,11,6,5
8,7,4,5,16,3,6,13,14,1,2,11,12,15,10,9
6,9,2,11,1,15,7,5,4,10,12,3,16,8,13,14
15,3,5,8,11,9,2,12,10,13,7,1,14,6,4,16
14,2,13,9,10,6,4,1,15,3,16,8,5,12,7,11
7,6,1,16,5,14,3,8,11,9,4,12,15,13,2,10
11,12,10,4,15,7,13,16,6,2,5,14,1,9,3,8
12,5,6,14,13,16,1,15,2,4,3,9,8,10,11,7
10,4,11,7,6,8,5,2,12,16,1,15,9,3,14,13
1,13,8,3,7,12,9,10,5,14,11,6,2,4,16,15
9,16,15,2,14,4,11,3,13,8,10,7,6,5,12,1
13,11,9,6,4,10,16,14,7,5,15,2,3,1,8,12
4,14,3,15,9,13,12,11,1,6,8,16,10,7,5,2
2,1,16,10,3,5,8,7,9,12,13,4,11,14,15,6
5,8,7,12,2,1,15,6,3,11,14,10,13,16,9,4
16,15,14,13,12,11,10,9,8,7,6,5,4,2,1,3
3,10,12,1,8,2,14,4,16,15,9,13,7,11,6,5
8,7,4,5,16,3,6,13,14,1,2,11,12,15,10,9
6,9,2,11,1,15,7,5,4,10,12,3,16,8,13,14
15,3,5,8,11,9,2,12,10,13,7,1,14,6,4,16
14,2,13,9,10,6,4,1,15,3,16,8,5,12,7,11
7,6,1,16,5,14,3,8,11,9,4,12,15,13,2,10
11,12,10,4,15,7,13,16,6,2,5,14,1,9,3,8
12,5,6,14,13,16,1,15,2,4,3,9,8,10,11,7
10,4,11,7,6,8,5,2,12,16,1,15,9,3,14,13
1,13,8,3,7,12,9,10,5,14,11,6,2,4,16,15
9,16,15,2,14,4,11,3,13,8,10,7,6,5,12,1
13,11,9,6,4,10,16,14,7,5,15,2,3,1,8,12
4,14,3,15,9,13,12,11,1,6,8,16,10,7,5,2
2,1,16,10,3,5,8,7,9,12,13,4,11,14,15,6
5,8,7,12,2,1,15,6,3,11,14,10,13,16,9,4
16,15,14,13,12,11,10,9,8,7,6,5,4,2,1,3
3,10,12,1,8,2,14,4,16,15,9,13,7,11,6,5
8,7,4,5,16,3,6,13,14,1,2,11,12,15,10,9
6,9,2,11,1,15,7,5,4,10,12,3,16,8,13,14
15,3,5,8,11,9,2,12,10,13,7,1,14,6,4,16
14,2,13,9,10,6,4,1,15,3,16,8,5,12,7,11
7,6,1,16,5,14,3,8,11,9,4,12,15,13,2,10
11,12,10,4,15,7,13,16,6,2,5,14,1,9,3,8
12,5,6,14,13,16,1,15,2,4,3,9,8,10,11,7
10,4,11,7,6,8,5,2,12,16,1,15,9,3,14,13
1,13,8,3,7,12,9,10,5,14,11,6,2,4,16,15
9,16,15,2,14,4,11,3,13,8,10,7,6,5,12,1
13,11,9,6,4,10,16,14,7,5,15,2,3,1,8,12
4,14,3,15,9,13,12,11,1,6,8,16,10,7,5,2
2,1,16,10,3,5,8,7,9,12,13,4,11,14,15,6
5,8,7,12,2,1,15,6,3,11,14,10,13,16,9,4
16,15,14,13,12,11,10,9,8,7,6,5,4,2,1,3
3,10,12,1,8,2,14,4,16,15,9,13,7,11,6,5
8,7,4,5,16,3,6,13,14,1,2,11,12,15,10,9
6,9,2,11,1,15,7,5,4,10,12,3,16,8,13,14
15,3,5,8,11,9,2,12,10,13,7,1,14,6,4,16
14,2,13,9,10,6,4,1,15,3,16,8,5,12,7,11
7,6,1,16,5,14,3,8,11,9,4,12,15,13,2,10
11,12,10,4,15,7,13,16,6,2,5,14,1,9,3,8
12,5,6,14,13,16,1,15,2,4,3,9,8,10,11,7
10,4,11,7,6,8,5,2,12,16,1,15,9,3,14,13
1,13,8,3,7,12,9,10,5,14,11,6,2,4,16,15
9,16,15,2,14,4,11,3,13,8,10,7,6,5,12,1
13,11,9,6,4,10,16,14,7,5,15,2,3,1,8,12
4,14,3,15,9,13,12,11,1,6,8,16,10,7,5,2
2,1,16,10,3,5,8,7,9,12,13,4,11,14,15,6
5,8,7,12,2,1,15,6,3,11,14,10,13,16,9,4
16,15,14,13,12,11,10,9,8,7,6,5,4,2,1,3
3,10,12,1,8,2,14,4,16,15,9,13,7,11,6,5
8,7,4,5,16,3,6,13,14,1,2,11,12,15,10,9
6,9,2,11,1,15,7,5,4,10,12,3,16,8,13,14
15,3,5,8,11,9,2,12,10,13,7,1,14,6,4,16
14,2,13,9,10,6,4,1,15,3,16,8,5,12,7,11
7,6,1,16,5,14,3,8,11,9,4,12,15,13,2,10
11,12,10,4,15,7,13,16,6,2,5,14,1,9,3,8
12,5,6,14,13,16,1,15,2,4,3,9,8,10,11,7
10,4,11,7,6,8,5,2,12,16,1,15,9,3,14,13
1,13,8,3,7,12,9,10,5,14,11,6,2,4,16,15
9,16,15,2,14,4,11,3,13,8,10,7,6,5,12,1
13,11,9,6,4,10,16,14,7,5,15,2,3,1,8,12
4,14,3,15,9,13,12,11,1,6,8,16,10,7,5,2
2,1,16,10,3,5,8,7,9,12,13,4,11,14,15,6
5,8,7,12,2,1,15,6,3,11,14,10,13,16,9,4
16,15,14,13,12,11,10,9,8,7,6,5,4,2,1,3
3,10,12,1,8,2,14,4,16,15,9,13,7,11,6,5
8,7,4,5,16,3,6,13,14,1,2,11,12,15,10,9
6,9,2,11,1,15,7,5,4,10,12,3,16,8,13,14
15,3,5,8,11,9,2,12,10,13,7,1,14,6,4,16
14,2,13,9,10,6,4,1,15,3,16,8,5,12,7,11
7,6,1,16,5,14,3,8,11,9,4,12,15,13,2,10
11,12,10,4,15,7,13,16,6,2,5,14,1,9,3,8
12,5,6,14,13,16,1,15,2,4,3,9,8,10,11,7
10,4,11,7,6,8,5,2,12,16,1,15,9,3,14,13
1,13,8,3,7,12,9,10,5,14,11,6,2,4,16,15
9,16,15,2,14,4,11,3,13,8,10,7,6,5,12,1
13,11,9,6,4,10,16,14,7,5,15,2,3,1,8,12
4,14,3,15,9,13,12,11,1,6,8,16,10,7,5,2
2,1,16,10,3,5,8,7,9,12,13,4,11,14,15,6
5,8,7,12,2,1,15,6,3,11,14,10,13,16,9,4
16,15,14,13,12,11,10,9,8,7,6,5,4,2,1,3
3,10,12,1,8,2,14,4,16,15,9,13,7,11,6,5
8,7,4,5,16,3,6,13,14,1,2,11,12,15,10,9
6,9,2,11,1,15,7,5,4,10,12,3,16,8,13,14
15,3,5,8,11,9,2,12,10,13,7,1,14,6,4,16
14,2,13,9,10,6,4,1,15,3,16,8,5,12,7,11
7,6,1,16,5,14,3,8,11,9,4,12,15,13,2,10
11,12,10,4,15,7,13,16,6,2,5,14,1,9,3,8
12,5,6,14,13,16,1,15,2,4,3,9,8,10,11,7
10,4,11,7,6,8,5,2,12,16,1,15,9,3,14,13
1,13,8,3,7,12,9,10,5,14,11,6,2,4,16,15
9,16,15,2,14,4,11,3,13,8,10,7,6,5,12,1
13,11,9,6,4,10,16,14,7,5,15,2,3,1,8,12
4,14,3,15,9,13,12,11,1,6,8,16,10,7,5,2
2,1,16,10,3,5,8,7,9,12,13,4,11,14,15,6
5,8,7,12,2,1,15,6,3,11,14,10,13,16,9,4
16,15,14,13,12,11,10,9,8,7,6,5,4,2,1,3
3,10,12,1,8,2,14,4,16,15,9,13,7,11,6,5
8,7,4,5,16,3,6,13,14,1,2,11,12,15,10,9
6,9,2,11,1,15,7,5,4,10,12,3,16,8,13,14
15,3,5,8,11,9,2,12,10,13,7,1,14,6,4,16
14,2,13,9,10,6,4,1,15,3,16,8,5,12,7,11
7,6,1,16,5,14,3,8,11,9,4,12,15,13,2,10
11,12,10,4,15,7,13,16,6,2,5,14,1,9,3,8
12,5,6,14,13,16,1,15,2,4,3,9,8,10,11,7
10,4,11,7,6,8,5,2,12,16,1,15,9,3,14,13
1,13,8,3,7,12,9,10,5,14,11,6,2,4,16,15
9,16,15,2,14,4,11,3,13,8,10,7,6,5,12,1
13,11,9,6,4,10,16,14,7,5,15,2,3,1,8,12
4,14,3,15,9,13,12,11,1,6,8,16,10,7,5,2
2,1,16,10,3,5,8,7,9,12,13,4,11,14,15,6
5,8,7,12,2,1,15,6,3,11,14,10,13,16,9,4
16,15,14,13,12,11,10,9,8,7,6,5,4,2,1,3
3,10,12,1,8,2,14,4,16,15,9,13,7,11,6,5
8,7,4,5,16,3,6,13,14,1,2,11,12,15,10,9
6,9,2,11,1,15,7,5,4,10,12,3,16,8,13,14
15,3,5,8,11,9,2,12,10,13,7,1,14,6,4,16
14,2,13,9,10,6,4,1,15,3,16,8,5,12,7,11
7,6,1,16,5,14,3,8,11,9,4,12,15,13,2,10
11,12,10,4,15,7,13,16,6,2,5,14,1,9,3,8
12,5,6,14,13,16,1,15,2,4,3,9,8,10,11,7
10,4,11,7,6,8,5,2,12,16,1,15,9,3,14,13
1,13,8,3,7,12,9,10,5,14,11,6,2,4,16,15
9,16,15,2,14,4,11,3,13,8,10,7,6,5,12,1
13,11,9,6,4,10,16,14,7,5,15,2,3,1,8,12
4,14,3,15,9,13,12,11,1,6,8,16,10,7,5,2
2,1,16,10,3,5,8,7,9,12,13,4,11,14,15,6
5,8,7,12,2,1,15,6,3,11,14,10,13,16,9,4
16,15,14,13,12,11,10,9,8,7,6,5,4,2,1,3
3,10,12,1,8,2,14,4,16,15,9,13,7,11,6,5
8,7,4,5,16,3,6,13,14,1,2,11,12,15,10,9
6,9,2,11,1,15,7,5,4,10,12,3,16,8,13,14
15,3,5,8,11,9,2,12,10,13,7,1,14,6,4,16
14,2,13,9,10,6,4,1,15,3,16,8,5,12,7,11
7,6,1,16,5,14,3,8,11,9,4,12,15,13,2,10
11,12,10,4,15,7,13,16,6,2,5,14,1,9,3,8
12,5,6,14,13,16,1,15,2,4,3,9,8,10,11,7
10,4,11,7,6,8,5,2,12,16,1,15,9,3,14,13
1,13,8,3,7,12,9,10,5,14,11,6,2,4,16,15
9,16,15,2,14,4,11,3,13,8,10,7,6,5,12,1
13,11,9,6,4,10,16,14,7,5,15,2,3,1,8,12
4,14,3,15,9,13,12,11,1,6,8,16,10,7,5,2
2,1,16,10,3,5,8,7,9,12,13,4,11,14,15,6
5,8,7,12,2,1,15,6,3,11,14,10,13,16,9,4
16,15,14,13,12,11,10,9,8,7,6,5,4,2,1,3
3,10,12,1,8,2,14,4,16,15,9,13,7,11,6,5
8,7,4,5,16,3,6,13,14,1,2,11,12,15,10,9
6,9,2,11,1,15,7,5,4,10,12,3,16,8,13,14
15,3,5,8,11,9,2,12,10,13,7,1,14,6,4,16
14,2,13,9,10,6,4,1,15,3,16,8,5,12,7,11
7,6,1,16,5,14,3,8,11,9,4,12,15,13,2,10
11,12,10,4,15,7,13,16,6,2,5,14,1,9,3,8
12,5,6,14,13,16,1,15,2,4,3,9,8,10,11,7
10,4,11,7,6,8,5,2,12,16,1,15,9,3,14,13
1,13,8,3,7,12,9,10,5,14,11,6,2,4,16,15
9,16,15,2,14,4,11,3,13,8,10,7,6,5,12,1
13,11,9,6,4,10,16,14,7,5,15,2,3,1,8,12
4,14,3,15,9,13,12,11,1,6,8,16,10,7,5,2
2,1,16,10,3,5,8,7,9,12,13,4,11,14,15,6
5,8,7,12,2,1,15,6,3,11,14,10,13,16,9,4
16,15,14,13,12,11,10,9,8,7,6,5,4,2,1,3
3,10,12,1,8,2,14,4,16,15,9,13,7,11,6,5
8,7,4,5,16,3,6,13,14,1,2,11,12,15,10,9
6,9,2,11,1,15,7,5,4,10,12,3,16,8,13,14
15,3,5,8,11,9,2,12,10,13,7,1,14,6,4,16
14,2,13,9,10,6,4,1,15,3,16,8,5,12,7,11
7,6,1,16,5,14,3,8,11,9,4,12,15,13,2,10
11,12,10,4,15,7,13,16,6,2,5,14,1,9,3,8
12,5,6,14,13,16,1,15,2,4,3,9,8,10,11,7
10,4,11,7,6,8,5,2,12,16,1,15,9,3,14,13
1,13,8,3,7,12,9,10,5,14,11,6,2,4,16,15
9,16,15,2,14,4,11,3,13,8,10,7,6,5,12,1
13,11,9,6,4,10,16,14,7,5,15,2,3,1,8,12
4,14,3,15,9,13,12,11,1,6,8,16,10,7,5,2
2,1,16,10,3,5,8,7,9,12,13,4,11,14,15,6
5,8,7,12,2,1,15,6,3,11,14,10,13,16,9,4
16,15,14,13,12,11,10,9,8,7,6,5,4,2,1,3
3,10,12,1,8,2,14,4,16,15,9,13,7,11,6,5
8,7,4,5,16,3,6,13,14,1,2,11,12,15,10,9
6,9,2,11,1,15,7,5,4,10,12,3,16,8,13,14
15,3,5,8,11,9,2,12,10,13,7,1,14,6,4,16
14,2,13,9,10,6,4,1,15,3,16,8,5,12,7,11
7,6,1,16,5,14,3,8,11,9,4,12,15,13,2,10
11,12,10,4,15,7,13,16,6,2,5,14,1,9,3,8
12,5,6,14,13,16,1,15,2,4,3,9,8,10,11,7
10,4,11,7,6,8,5,2,12,16,1,15,9,3,14,13
1,13,8,3,7,12,9,10,5,14,11,6,2,4,16,15
9,16,15,2,14,4,11,3,13,8,10,7,6,5,12,1
13,11,9,6,4,10,16,14,7,5,15,2,3,1,8,12
4,14,3,15,9,13,12,11,1,6,8,16,10,7,5,2
2,1,16,10,3,5,8,7,9,12,13,4,11,14,15,6
5,8,7,12,2,1,15,6,3,11,14,10,13,16,9,4
16,15,14,13,12,11,10,9,8,7,6,5,4,2,1,3
3,10,12,1,8,2,14,4,16,15,9,13,7,11,6,5
8,7,4,5,16,3,6,13,14,1,2,11,12,15,10,9
6,9,2,11,1,15,7,5,4,10,12,3,16,8,13,14
15,3,5,8,11,9,2,12,10,13,7,1,14,6,4,16
14,2,13,9,10,6,4,1,15,3,16,8,5,12,7,11
7,6,1,16,5,14,3,8,11,9,4,12,15,13,2,10
11,12,10,4,15,7,13,16,6,2,5,14,1,9,3,8
12,5,6,14,13,16,1,15,2,4,3,9,8,10,11,7
10,4,11,7,6,8,5,2,12,16,1,15,9,3,14,13
1,13,8,3,7,12,9,10,5,14,11,6,2,4,16,15
9,16,15,2,14,4,11,3,13,8,10,7,6,5,12,1
13,11,9,6,4,10,16,14,7,5,15,2,3,1,8,12
4,14,3,15,9,13,12,11,1,6,8,16,10,7,5,2
2,1,16,10,3,5,8,7,9,12,13,4,11,14,15,6
5,8,7,12,2,1,15,6,3,11,14,10,13,16,9,4
