8,7,1,4,9,3,6,5,2
6,5,4,2,8,7,9,1,3
3,2,9,6,5,1,7,4,8
1,8,2,9,4,5,3,6,7
4,6,5,3,7,2,8,9,1
9,3,7,8,1,6,5,2,4
2,1,3,5,6,8,4,7,9
7,9,6,1,3,4,2,8,5
5,4,8,7,2,9,1,3,6
8,7,1,4,9,3,6,5,2
6,5,4,2,8,7,9,1,3
3,2,9,6,5,1,7,4,8
1,8,2,9,4,5,3,6,7
4,6,5,3,7,2,8,9,1
9,3,7,8,1,6,5,2,4
2,1,3,5,6,8,4,7,9
7,9,6,1,3,4,2,8,5
5,4,8,7,2,9,1,3,6
8,7,1,4,9,3,6,5,2
6,5,4,2,8,7,9,1,3
3,2,9,6,5,1,7,4,8
1,8,2,9,4,5,3,6,7
4,6,5,3,7,2,8,9,1
9,3,7,8,1,6,5,2,4
2,1,3,5,6,8,4,7,9
7,9,6,1,3,4,2,8,5
5,4,8,7,2,9,1,3,6
8,7,1,4,9,3,6,5,2
6,5,4,2,8,7,9,1,3
3,2,9,6,5,1,7,4,8
1,8,2,9,4,5,3,6,7
4,6,5,3,7,2,8,9,1
9,3,7,8,1,6,5,2,4
2,1,3,5,6,8,4,7,9
7,9,6,1,3,4,2,8,5
5,4,8,7,2,9,1,3,6
8,7,1,4,9,3,6,5,2
6,5,4,2,8,7,9,1,3
3,2,9,6,5,1,7,4,8
1,8,2,9,4,5,3,6,7
4,6,5,3,7,2,8,9,1
9,3,7,8,1,6,5,2,4
2,1,3,5,6,8,4,7,9
7,9,6,1,3,4,2,8,5
5,4,8,7,2,9,1,3,6
8,7,1,4,9,3,6,5,2
6,5,4,2,8,7,9,1,3
3,2,9,6,5,1,7,4,8
1,8,2,9,4,5,3,6,7
4,6,5,3,7,2,8,9,1
9,3,7,8,1,6,5,2,4
2,1,3,5,6,8,4,7,9
7,9,6,1,3,4,2,8,5
5,4,8,7,2,9,1,3,6
8,7,1,4,9,3,6,5,2
6,5,4,2,8,7,9,1,3
3,2,9,6,5,1,7,4,8
1,8,2,9,4,5,3,6,7
4,6,5,3,7,2,8,9,1
9,3,7,8,1,6,5,2,4
2,1,3,5,6,8,4,7,9
7,9,6,1,3,4,2,8,5
5,4,8,7,2,9,1,3,6
8,7,1,4,9,3,6,5,2
6,5,4,2,8,7,9,1,3
3,2,9,6,5,1,7,4,8
1,8,2,9,4,5,3,6,7
4,6,5,3,7,2,8,9,1
9,3,7,8,1,6,5,2,4
2,1,3,5,6,8,4,7,9
7,9,6,1,3,4,2,8,5
5,4,8,7,2,9,1,3,6
8,7,1,4,9,3,6,5,2
6,5,4,2,8,7,9,1,3
3,2,9,6,5,1,7,4,8
1,8,2,9,4,5,3,6,7
4,6,5,3,7,2,8,9,1
9,3,7,8,1,6,5,2,4
2,1,3,5,6,8,4,7,9
7,9,6,1,3,4,2,8,5
5,4,8,7,2,9,1,3,6
8,7,1,4,9,3,6,5,2
6,5,4,2,8,7,9,1,3
3,2,9,6,5,1,7,4,8
1,8,2,9,4,5,3,6,7
4,6,5,3,7,2,8,9,1
9,3,7,8,1,6,5,2,4
2,1,3,5,6,8,4,7,9
7,9,6,1,3,4,2,8,5
5,4,8,7,2,9,1,3,6
8,7,1,4,9,3,6,5,2
6,5,4,2,8,7,9,1,3
3,2,9,6,5,1,7,4,8
1,8,2,9,4,5,3,6,7
4,6,5,3,7,2,8,9,1
9,3,7,8,1,6,5,2,4
2,1,3,5,6,8,4,7,9
7,9,6,1,3,4,2,8,5
5,4,8,7,2,9,1,3,6
8,7,1,4,9,3,6,5,2
6,5,4,2,8,7,9,1,3
3,2,9,6,5,1,7,4,8
1,8,2,9,4,5,3,6,7
4,6,5,3,7,2,8,9,1
9,3,7,8,1,6,5,2,4
2,1,3,5,6,8,4,7,9
7,9,6,1,3,4,2,8,5
5,4,8,7,2,9,1,3,6
8,7,1,4,9,3,6,5,2
6,5,4,2,8,7,9,1,3
3,2,9,6,5,1,7,4,8
1,8,2,9,4,5,3,6,7
4,6,5,3,7,2,8,9,1
9,3,7,8,1,6,5,2,4
2,1,3,5,6,8,4,7,9
7,9,6,1,3,4,2,8,5
5,4,8,7,2,9,1,3,6
8,7,1,4,9,3,6,5,2
6,5,4,2,8,7,9,1,3
3,2,9,6,5,1,7,4,8
1,8,2,9,4,5,3,6,7
4,6,5,3,7,2,8,9,1
9,3,7,8,1,6,5,2,4
2,1,3,5,6,8,4,7,9
7,9,6,1,3,4,2,8,5
5,4,8,7,2,9,1,3,6
8,7,1,4,9,3,6,5,2
6,5,4,2,8,7,9,1,3
3,2,9,6,5,1,7,4,8
1,8,2,9,4,5,3,6,7
4,6,5,3,7,2,8,9,1
9,3,7,8,1,6,5,2,4
2,1,3,5,6,8,4,7,9
7,9,6,1,3,4,2,8,5
5,4,8,7,2,9,1,3,6
8,7,1,4,9,3,6,5,2
6,5,4,2,8,7,9,1,3
3,2,9,6,5,1,7,4,8
1,8,2,9,4,5,3,6,7
4,6,5,3,7,2,8,9,1
9,3,7,8,1,6,5,2,4
2,1,3,5,6,8,4,7,9
7,9,6,1,3,4,2,8,5
5,4,8,7,2,9,1,3,6
8,7,1,4,9,3,6,5,2
6,5,4,2,8,7,9,1,3
3,2,9,6,5,1,7,4,8
1,8,2,9,4,5,3,6,7
4,6,5,3,7,2,8,9,1
9,3,7,8,1,6,5,2,4
2,1,3,5,6,8,4,7,9
7,9,6,1,3,4,2,8,5
5,4,8,7,2,9,1,3,6
8,7,1,4,9,3,6,5,2
6,5,4,2,8,7,9,1,3
3,2,9,6,5,1,7,4,8
1,8,2,9,4,5,3,6,7
4,6,5,3,7,2,8,9,1
9,3,7,8,1,6,5,2,4
2,1,3,5,6,8,4,7,9
7,9,6,1,3,4,2,8,5
5,4,8,7,2,9,1,3,6
8,7,1,4,9,3,6,5,2
6,5,4,2,8,7,9,1,3
3,2,9,6,5,1,7,4,8
1,8,2,9,4,5,3,6,7
4,6,5,3,7,2,8,9,1
9,3,7,8,1,6,5,2,4
2,1,3,5,6,8,4,7,9
7,9,6,1,3,4,2,8,5
5,4,8,7,2,9,1,3,6
8,7,1,4,9,3,6,5,2
6,5,4,2,8,7,9,1,3
3,2,9,6,5,1,7,4,8
1,8,2,9,4,5,3,6,7
4,6,5,3,7,2,8,9,1
9,3,7,8,1,6,5,2,4
2,1,3,5,6,8,4,7,9
7,9,6,1,3,4,2,8,5
5,4,8,7,2,9,1,3,6
8,7,1,4,9,3,6,5,2
6,5,4,2,8,7,9,1,3
3,2,9,6,5,1,7,4,8
1,8,2,9,4,5,3,6,7
4,6,5,3,7,2,8,9,1
9,3,7,8,1,6,5,2,4
2,1,3,5,6,8,4,7,9
7,9,6,1,3,4,2,8,5
5,4,8,7,2,9,1,3,6
8,7,1,4,9,3,6,5,2
6,5,4,2,8,7,9,1,3
3,2,9,6,5,1,7,4,8
1,8,2,9,4,5,3,6,7
4,6,5,3,7,2,8,9,1
9,3,7,8,1,6,5,2,4
2,1,3,5,6,8,4,7,9
7,9,6,1,3,4,2,8,5
5,4,8,7,2,9,1,3,6
8,7,1,4,9,3,6,5,2
6,5,4,2,8,7,9,1,3
3,2,9,6,5,1,7,4,8
1,8,2,9,4,5,3,6,7
4,6,5,3,7,2,8,9,1
9,3,7,8,1,6,5,2,4
2,1,3,5,6,8,4,7,9
7,9,6,1,3,4,2,8,5
5,4,8,7,2,9,1,3,6
8,7,1,4,9,3,6,5,2
6,5,4,2,8,7,9,1,3
3,2,9,6,5,1,7,4,8
1,8,2,9,4,5,3,6,7
4,6,5,3,7,2,8,9,1
9,3,7,8,1,6,5,2,4
2,1,3,5,6,8,4,7,9
7,9,6,1,3,4,2,8,5
5,4,8,7,2,9,1,3,6
8,7,1,4,9,3,6,5,2
6,5,4,2,8,7,9,1,3
3,2,9,6,5,1,7,4,8
1,8,2,9,4,5,3,6,7
4,6,5,3,7,2,8,9,1
9,3,7,8,1,6,5,2,4
2,1,3,5,6,8,4,7,9
7,9,6,1,3,4,2,8,5
5,4,8,7,2,9,1,3,6
8,7,1,4,9,3,6,5,2
6,5,4,2,8,7,9,1,3
3,2,9,6,5,1,7,4,8
1,8,2,9,4,5,3,6,7
4,6,5,3,7,2,8,9,1
9,3,7,8,1,6,5,2,4
2,1,3,5,6,8,4,7,9
7,9,6,1,3,4,2,8,5
5,4,8,7,2,9,1,3,6
8,7,1,4,9,3,6,5,2
6,5,4,2,8,7,9,1,3
3,2,9,6,5,1,7,4,8
1,8,2,9,4,5,3,6,7
4,6,5,3,7,2,8,9,1
9,3,7,8,1,6,5,2,4
2,1,3,5,6,8,4,7,9
7,9,6,1,3,4,2,8,5
5,4,8,7,2,9,1,3,6
8,7,1,4,9,3,6,5,2
6,5,4,2,8,7,9,1,3
3,2,9,6,5,1,7,4,8
1,8,2,9,4,5,3,6,7
4,6,5,3,7,2,8,9,1
9,3,7,8,1,6,5,2,4
2,1,3,5,6,8,4,7,9
7,9,6,1,3,4,2,8,5
5,4,8,7,2,9,1,3,6
8,7,1,4,9,3,6,5,2
6,5,4,2,8,7,9,1,3
3,2,9,6,5,1,7,4,8
1,8,2,9,4,5,3,6,7
4,6,5,3,7,2,8,9,1
9,3,7,8,1,6,5,2,4
2,1,3,5,6,8,4,7,9
7,9,6,1,3,4,2,8,5
5,4,8,7,2,9,1,3,6
8,7,1,4,9,3,6,5,2
6,5,4,2,8,7,9,1,3
3,2,9,6,5,1,7,4,8
1,8,2,9,4,5,3,6,7
4,6,5,3,7,2,8,9,1
9,3,7,8,1,6,5,2,4
2,1,3,5,6,8,4,7,9
7,9,6,1,3,4,2,8,5
5,4,8,7,2,9,1,3,6
8,7,1,4,9,3,6,5,2
6,5,4,2,8,7,9,1,3
3,2,9,6,5,1,7,4,8
1,8,2,9,4,5,3,6,7
4,6,5,3,7,2,8,9,1
9,3,7,8,1,6,5,2,4
2,1,3,5,6,8,4,7,9
7,9,6,1,3,4,2,8,5
5,4,8,7,2,9,1,3,6
8,7,1,4,9,3,6,5,2
6,5,4,2,8,7,9,1,3
3,2,9,6,5,1,7,4,8
1,8,2,9,4,5,3,6,7
4,6,5,3,7,2,8,9,1
9,3,7,8,1,6,5,2,4
2,1,3,5,6,8,4,7,9
7,9,6,1,3,4,2,8,5
5,4,8,7,2,9,1,3,6
8,7,1,4,9,3,6,5,2
6,5,4,2,8,7,9,1,3
3,2,9,6,5,1,7,4,8
1,8,2,9,4,5,3,6,7
4,6,5,3,7,2,8,9,1
9,3,7,8,1,6,5,2,4
2,1,3,5,6,8,4,7,9
7,9,6,1,3,4,2,8,5
5,4,8,7,2,9,1,3,6
8,7,1,4,9,3,6,5,2
6,5,4,2,8,7,9,1,3
3,2,9,6,5,1,7,4,8
1,8,2,9,4,5,3,6,7
4,6,5,3,7,2,8,9,1
9,3,7,8,1,6,5,2,4
2,1,3,5,6,8,4,7,9
7,9,6,1,3,4,2,8,5
5,4,8,7,2,9,1,3,6
8,7,1,4,9,3,6,5,2
6,5,4,2,8,7,9,1,3
3,2,9,6,5,1,7,4,8
1,8,2,9,4,5,3,6,7
4,6,5,3,7,2,8,9,1
9,3,7,8,1,6,5,2,4
2,1,3,5,6,8,4,7,9
7,9,6,1,3,4,2,8,5
5,4,8,7,2,9,1,3,6
8,7,1,4,9,3,6,5,2
6,5,4,2,8,7,9,1,3
3,2,9,6,5,1,7,4,8
1,8,2,9,4,5,3,6,7
4,6,5,3,7,2,8,9,1
9,3,7,8,1,6,5,2,4
2,1,3,5,6,8,4,7,9
7,9,6,1,3,4,2,8,5
5,4,8,7,2,9,1,3,6
8,7,1,4,9,3,6,5,2
6,5,4,2,8,7,9,1,3
3,2,9,6,5,1,7,4,8
1,8,2,9,4,5,3,6,7
4,6,5,3,7,2,8,9,1
9,3,7,8,1,6,5,2,4
2,1,3,5,6,8,4,7,9
7,9,6,1,3,4,2,8,5
5,4,8,7,2,9,1,3,6
8,7,1,4,9,3,6,5,2
6,5,4,2,8,7,9,1,3
3,2,9,6,5,1,7,4,8
1,8,2,9,4,5,3,6,7
4,6,5,3,7,2,8,9,1
9,3,7,8,1,6,5,2,4
2,1,3,5,6,8,4,7,9
7,9,6,1,3,4,2,8,5
5,4,8,7,2,9,1,3,6
8,7,1,4,9,3,6,5,2
6,5,4,2,8,7,9,1,3
3,2,9,6,5,1,7,4,8
1,8,2,9,4,5,3,6,7
4,6,5,3,7,2,8,9,1
9,3,7,8,1,6,5,2,4
2,1,3,5,6,8,4,7,9
7,9,6,1,3,4,2,8,5
5,4,8,7,2,9,1,3,6
8,7,1,4,9,3,6,5,2
6,5,4,2,8,7,9,1,3
3,2,9,6,5,1,7,4,8
1,8,2,9,4,5,3,6,7
4,6,5,3,7,2,8,9,1
9,3,7,8,1,6,5,2,4
2,1,3,5,6,8,4,7,9
7,9,6,1,3,4,2,8,5
5,4,8,7,2,9,1,3,6
8,7,1,4,9,3,6,5,2
6,5,4,2,8,7,9,1,3
3,2,9,6,5,1,7,4,8
1,8,2,9,4,5,3,6,7
4,6,5,3,7,2,8,9,1
9,3,7,8,1,6,5,2,4
2,1,3,5,6,8,4,7,9
7,9,6,1,3,4,2,8,5
5,4,8,7,2,9,1,3,6
8,7,1,4,9,3,6,5,2
6,5,4,2,8,7,9,1,3
3,2,9,6,5,1,7,4,8
1,8,2,9,4,5,3,6,7
4,6,5,3,7,2,8,9,1
9,3,7,8,1,6,5,2,4
2,1,3,5,6,8,4,7,9
7,9,6,1,3,4,2,8,5
5,4,8,7,2,9,1,3,6
8,7,1,4,9,3,6,5,2
6,5,4,2,8,7,9,1,3
3,2,9,6,5,1,7,4,8
1,8,2,9,4,5,3,6,7
4,6,5,3,7,2,8,9,1
9,3,7,8,1,6,5,2,4
2,1,3,5,6,8,4,7,9
7,9,6,1,3,4,2,8,5
5,4,8,7,2,9,1,3,6
8,7,1,4,9,3,6,5,2
6,5,4,2,8,7,9,1,3
3,2,9,6,5,1,7,4,8
1,8,2,9,4,5,3,6,7
4,6,5,3,7,2,8,9,1
9,3,7,8,1,6,5,2,4
2,1,3,5,6,8,4,7,9
7,9,6,1,3,4,2,8,5
5,4,8,7,2,9,1,3,6
8,7,1,4,9,3,6,5,2
6,5,4,2,8,7,9,1,3
3,2,9,6,5,1,7,4,8
1,8,2,9,4,5,3,6,7
4,6,5,3,7,2,8,9,1
9,3,7,8,1,6,5,2,4
2,1,3,5,6,8,4,7,9
7,9,6,1,3,4,2,8,5
5,4,8,7,2,9,1,3,6
8,7,1,4,9,3,6,5,2
6,5,4,2,8,7,9,1,3
3,2,9,6,5,1,7,4,8
1,8,2,9,4,5,3,6,7
4,6,5,3,7,2,8,9,1
9,3,7,8,1,6,5,2,4
2,1,3,5,6,8,4,7,9
7,9,6,1,3,4,2,8,5
5,4,8,7,2,9,1,3,6
8,7,1,4,9,3,6,5,2
6,5,4,2,8,7,9,1,3
3,2,9,6,5,1,7,4,8
1,8,2,9,4,5,3,6,7
4,6,5,3,7,2,8,9,1
9,3,7,8,1,6,5,2,4
2,1,3,5,6,8,4,7,9
7,9,6,1,3,4,2,8,5
5,4,8,7,2,9,1,3,6
8,7,1,4,9,3,6,5,2
6,5,4,2,8,7,9,1,3
3,2,9,6,5,1,7,4,8
1,8,2,9,4,5,3,6,7
4,6,5,3,7,2,8,9,1
9,3,7,8,1,6,5,2,4
2,1,3,5,6,8,4,7,9
7,9,6,1,3,4,2,8,5
5,4,8,7,2,9,1,3,6
8,7,1,4,9,3,6,5,2
6,5,4,2,8,7,9,1,3
3,2,9,6,5,1,7,4,8
1,8,2,9,4,5,3,6,7
4,6,5,3,7,2,8,9,1
9,3,7,8,1,6,5,2,4
2,1,3,5,6,8,4,7,9
7,9,6,1,3,4,2,8,5
5,4,8,7,2,9,1,3,6
